15 10
3 4 4 4 2 2 2 3 3 4 
12 12 10 5 10 13 13 6 5 5 5 9 10 4 9 9 10 12 15 11 6 12 7 8 9 10 4 12 3 11 14 
13 14 14 5 14 15 3 12 6 5 14 6 9 12 4 6 14 8 13 15 15 13 12 10 15 13 7 13 12 11 5 
12 7 9 12 11 4 11 8 4 14 3 10 14 3 11 9 14 10 5 5 9 15 13 14 5 7 6 5 12 7 11 
11 10 11 13 3 3 15 5 13 13 11 4 11 3 6 5 7 3 8 3 4 6 3 9 6 10 12 7 15 3 14 
12 14 9 13 15 13 15 10 14 11 6 8 7 4 10 5 9 9 8 6 12 7 3 9 6 5 12 15 7 5 10 
14 9 8 8 7 7 14 4 3 12 12 4 9 15 3 14 6 13 7 10 4 9 8 15 4 5 7 12 9 7 3 
7 6 7 8 15 3 5 15 11 10 11 15 14 5 11 4 4 7 3 8 14 11 3 6 7 12 4 11 14 9 11 
15 4 9 9 12 13 9 11 11 13 10 10 15 12 3 11 11 13 15 15 15 10 9 14 14 5 3 8 5 7 13 
3 13 13 6 9 4 13 13 14 4 9 3 7 4 4 15 9 11 7 14 3 12 6 6 14 3 14 12 10 8 5 
14 12 12 13 10 14 5 9 8 8 7 6 3 13 10 12 12 8 11 10 13 4 6 10 15 3 6 10 6 12 11 
15 5 12 9 10 4 15 14 3 3 9 11 4 12 11 3 5 12 14 3 14 12 10 7 13 15 8 11 12 13 14 
10 7 10 12 5 12 13 3 11 14 7 13 11 12 13 4 3 8 10 14 9 4 7 3 11 8 12 12 4 4 10 
3 14 9 4 5 12 7 5 6 9 10 14 12 9 9 9 5 3 11 8 8 6 14 14 8 7 4 14 13 10 3 
6 3 5 4 4 11 4 12 8 14 6 4 14 7 14 12 11 11 8 15 4 3 12 15 9 8 3 5 6 13 6 
14 5 8 13 14 12 8 10 13 8 3 15 13 3 7 12 4 11 5 3 14 5 10 13 13 15 11 13 15 10 12 
11 11 3 3 8 8 10 10 15 8 14 3 7 10 9 15 6 13 13 8 10 13 15 10 12 11 3 5 10 13 15 
15 11 3 8 15 12 10 8 6 7 14 10 14 4 14 6 8 8 6 11 8 7 13 6 8 9 15 10 9 10 12 
7 12 13 7 11 8 10 8 5 4 8 8 11 8 4 13 8 10 8 15 12 3 6 6 3 8 7 14 12 5 9 
3 5 10 15 10 8 5 3 8 11 11 9 3 7 5 13 3 9 10 9 11 4 10 9 10 8 5 8 11 10 3 
3 5 6 4 3 9 7 15 9 14 9 12 7 8 11 12 3 14 10 9 14 10 4 10 4 7 14 9 3 4 5 
6 14 14 6 15 5 15 13 11 13 13 14 5 9 6 15 4 15 9 15 6 13 12 13 7 12 8 6 7 15 11 
14 9 14 4 11 5 8 9 12 10 10 13 7 6 3 13 7 9 12 10 14 3 13 12 8 13 5 4 14 10 13 
9 6 4 15 13 5 13 10 10 14 11 10 5 12 6 11 12 9 13 15 11 7 13 14 3 8 12 8 8 4 3 
9 10 7 3 13 3 15 7 4 12 5 12 13 6 9 12 3 8 5 15 9 12 9 8 10 12 4 4 5 11 4 
6 10 9 3 10 8 13 14 14 5 5 15 7 15 3 4 9 14 13 11 9 12 4 6 14 12 8 10 14 14 10 
5 8 9 13 12 13 12 9 9 8 11 5 12 13 9 3 10 9 5 13 4 14 15 4 10 4 6 4 3 14 6 
12 9 13 5 10 15 12 7 4 15 6 15 4 9 3 5 4 15 3 11 4 6 4 13 9 12 12 8 11 3 3 
6 13 6 7 4 10 9 10 9 7 3 11 6 12 5 3 4 6 9 12 3 6 10 9 7 15 15 3 5 6 5 
7 3 4 12 5 3 15 14 11 11 12 3 14 11 11 10 10 14 6 13 15 7 9 8 7 15 3 9 11 6 6 
14 10 5 8 9 4 6 13 7 9 8 10 3 3 13 15 14 8 14 4 6 5 5 6 3 9 14 6 8 9 8 
9 9 11 10 9 6 6 8 12 7 8 12 10 8 12 6 14 8 6 3 8 6 12 3 11 15 11 7 13 14 15 
