80 20
2 3 3 3 2 2 2 3 2 2 3 2 3 3 3 3 2 2 2 2 
0 30 12 21 10 22 59 38 14 18 41 33 42 3 12 12 7 26 3 37 2 59 32 39 14 16 28 41 8 8 44 14 24 1 1 15 9 9 3 20 11 8 1 87 50 41 20 28 11 38 14 47 16 36 58 53 1 33 9 26 19 8 39 15 35 32 42 39 15 8 45 1 6 60 42 8 12 4 69 19 10 26 60 27 40 16 16 9 72 26 25 5 24 10 24 2 59 7 52 59 19 36 24 14 29 64 13 19 18 6 29 29 48 18 45 31 13 64 25 53 35 15 38 48 1 20 40 51 6 38 54 19 8 24 39 3 8 10 24 24 37 7 30 61 25 42 18 50 7 14 25 41 19 35 29 8 6 1 55 4 13 
34 0 43 44 5 9 4 32 12 34 9 39 5 34 30 41 6 2 26 22 21 14 27 36 10 13 27 10 50 10 14 54 22 17 4 15 1 27 19 21 17 12 32 12 5 9 9 6 30 37 36 20 13 32 19 70 54 43 24 31 5 16 61 20 18 17 13 20 6 29 23 20 32 11 79 7 39 46 14 11 23 6 2 33 10 18 18 15 69 3 3 10 16 38 50 1 21 22 67 1 52 1 13 10 10 76 12 69 13 28 1 29 14 11 21 15 44 47 6 6 20 7 22 62 62 1 8 27 11 4 24 27 25 14 27 1 1 34 24 41 3 8 6 4 13 17 9 4 24 19 14 14 35 48 31 19 12 10 62 46 7 
37 17 0 33 44 58 29 41 43 93 18 34 6 83 28 1 30 41 45 35 14 45 35 2 35 6 23 25 53 12 5 83 26 48 70 1 1 27 29 34 26 21 13 6 49 40 48 32 61 16 6 14 54 36 3 25 27 7 24 16 36 26 26 63 26 13 12 2 32 10 2 23 22 18 17 66 55 37 27 19 29 17 76 38 34 19 44 5 13 34 32 43 40 23 5 16 49 3 15 27 15 43 55 26 22 60 19 31 29 61 43 48 3 8 25 30 10 15 7 1 29 48 23 14 47 15 25 68 8 68 27 26 20 77 5 20 31 15 34 35 35 5 11 5 20 15 45 59 24 29 18 46 6 18 19 19 31 19 3 27 25 
6 27 52 0 7 4 25 9 26 10 16 17 20 1 18 36 53 19 15 33 33 1 31 34 14 48 103 2 53 68 4 18 43 32 44 36 16 16 73 16 5 12 42 2 15 32 30 8 49 46 24 66 11 16 12 42 2 55 15 32 11 34 1 10 9 15 8 35 37 2 14 14 20 53 7 19 15 28 15 3 33 27 25 5 28 64 46 11 37 28 31 29 48 3 56 78 22 1 18 30 63 1 29 23 41 39 26 2 22 45 33 15 25 6 7 1 36 42 60 16 16 6 27 8 77 37 26 12 36 15 31 4 60 51 2 14 50 22 7 31 43 19 32 12 54 57 9 15 9 22 77 34 32 61 65 7 8 3 23 19 7 
35 2 27 11 0 55 17 8 29 32 87 16 51 11 4 32 7 37 65 8 38 53 37 36 39 74 25 9 3 20 54 38 14 9 22 58 19 52 12 18 60 5 16 10 3 77 36 29 27 7 50 12 50 4 28 24 24 122 6 2 2 45 55 7 7 66 41 15 18 36 15 1 30 6 46 37 50 11 3 20 41 41 13 28 47 28 6 9 8 63 60 23 59 37 49 25 15 1 53 5 25 55 33 31 35 71 51 15 39 14 15 40 28 6 28 45 54 1 3 23 40 66 82 43 19 27 34 32 54 14 52 8 9 40 16 91 15 47 37 25 58 97 43 58 31 52 17 34 1 21 5 1 43 3 9 22 1 23 13 7 31 
13 47 22 49 18 0 24 31 60 52 44 19 13 15 16 18 5 10 32 41 4 1 14 4 37 3 16 11 32 23 22 10 64 53 15 39 8 4 2 74 38 60 16 33 28 7 21 75 20 41 5 6 25 44 23 15 48 26 9 18 21 33 24 47 83 48 39 1 44 94 42 25 12 48 3 36 48 8 58 12 7 59 1 33 27 26 1 14 9 7 16 25 1 40 23 67 32 2 112 42 10 28 15 69 22 2 8 44 25 51 3 3 26 51 28 14 28 48 40 64 3 2 44 32 51 36 46 47 16 11 21 11 1 3 57 39 1 32 46 42 86 23 13 35 13 55 23 54 33 17 76 78 27 11 22 10 13 34 27 34 48 
12 9 20 38 5 1 0 10 13 53 2 7 17 10 33 41 3 41 8 33 46 1 55 53 32 11 60 13 5 47 3 56 43 35 33 5 7 25 4 23 2 8 50 38 10 24 1 76 12 15 8 1 15 11 23 3 2 7 45 33 3 8 15 7 23 47 22 20 63 83 13 43 2 20 20 2 35 33 4 45 18 26 27 10 52 61 6 9 1 19 6 10 4 24 34 73 18 39 10 4 20 36 10 35 90 18 12 7 24 46 106 18 48 65 34 30 18 1 18 35 54 11 49 17 32 1 9 47 11 2 9 68 34 4 47 32 12 10 17 4 31 54 61 8 24 12 30 35 52 37 31 55 5 24 16 71 36 4 32 46 40 
3 12 3 38 4 17 43 0 9 4 40 15 21 27 11 10 22 9 1 40 35 1 10 5 29 15 4 16 39 28 40 10 14 53 23 42 20 12 20 44 31 12 3 24 36 52 40 26 27 36 1 12 58 15 14 4 36 22 14 33 50 29 8 21 13 35 29 30 19 31 1 60 31 47 10 13 12 2 3 1 76 26 6 15 18 6 10 6 60 14 21 41 10 5 6 1 19 31 14 13 4 11 12 58 4 34 29 15 44 19 36 17 21 24 20 25 15 58 36 27 58 53 1 20 38 61 57 21 3 21 10 1 38 38 43 32 42 26 46 40 43 52 63 2 22 13 17 8 36 10 55 23 28 2 38 33 74 52 14 34 20 
13 13 62 9 33 3 47 2 0 12 28 35 12 66 40 34 40 36 32 16 36 7 44 13 15 7 68 100 1 15 90 52 58 7 22 17 39 1 12 34 27 14 11 17 9 4 13 16 40 37 10 21 31 13 33 100 4 29 26 29 49 12 17 2 24 21 41 11 29 38 21 15 7 44 8 5 8 47 22 6 3 8 41 62 18 55 4 4 45 21 20 4 23 1 34 29 7 1 12 5 7 16 9 1 45 26 2 7 31 71 57 10 50 74 1 25 10 9 46 15 3 3 4 38 10 27 73 65 52 37 5 45 21 12 20 44 6 36 14 31 1 1 15 11 66 53 11 15 13 26 47 23 27 17 13 7 1 20 53 60 54 
1 50 33 32 3 17 23 22 26 0 6 29 23 20 8 36 8 2 12 4 17 57 3 10 20 51 4 77 16 37 10 55 14 37 29 7 6 11 56 51 5 4 97 70 1 2 28 10 31 1 50 14 10 44 1 43 61 49 35 22 40 14 39 19 23 7 60 1 57 37 5 21 93 72 27 41 42 71 2 2 10 8 4 69 48 25 15 12 11 18 13 45 43 19 26 34 30 39 9 49 24 17 33 56 1 8 8 3 34 19 9 2 18 19 9 17 42 24 18 89 1 14 16 33 27 1 46 78 47 37 40 4 30 49 23 4 9 47 1 23 37 10 92 4 13 39 41 35 21 40 41 18 12 38 3 25 1 2 10 1 28 
79 38 34 25 14 35 9 18 44 1 0 52 18 25 37 35 1 3 54 47 39 10 5 1 6 10 1 33 22 20 71 14 16 84 32 21 9 16 7 17 26 46 3 10 20 56 38 1 66 31 42 54 28 8 33 1 5 11 6 21 28 25 41 24 39 16 45 9 4 20 19 45 11 1 14 33 18 26 12 27 32 29 11 12 10 2 13 2 5 30 36 18 21 23 40 59 63 69 51 18 13 24 53 23 3 17 86 48 1 62 61 52 61 4 64 18 14 28 64 17 72 38 36 1 50 38 7 16 49 4 7 59 11 19 27 43 60 15 30 25 61 26 11 6 13 6 28 8 16 33 47 17 24 45 21 11 71 5 22 6 20 
7 63 14 41 26 23 2 32 65 24 54 0 18 5 20 63 10 4 15 21 13 22 13 29 18 16 19 16 5 22 32 20 9 9 23 74 16 4 29 3 4 33 12 36 32 49 22 3 7 21 7 54 4 21 26 19 41 20 10 37 18 8 2 11 42 47 6 31 79 18 13 11 3 32 1 19 25 5 12 1 9 8 5 1 4 31 16 29 1 22 57 1 12 13 49 39 59 44 62 19 38 21 5 1 16 20 40 1 2 40 18 37 57 7 51 15 57 21 12 19 44 86 7 20 16 27 18 37 14 65 25 30 72 13 33 47 22 18 4 28 8 18 16 21 13 76 20 33 40 2 11 27 10 27 41 28 48 19 22 6 22 
9 26 81 34 47 12 27 34 61 21 18 40 0 5 11 2 22 7 5 15 37 1 40 17 11 52 15 95 20 28 13 56 4 16 20 1 7 17 40 38 31 61 16 26 14 40 16 2 9 5 51 41 37 68 19 53 31 25 34 22 24 38 1 27 71 17 59 35 83 16 7 22 11 13 4 10 32 19 10 19 20 1 73 8 39 21 19 4 10 38 35 51 1 12 54 11 10 40 48 32 88 54 32 53 22 6 17 34 50 60 19 7 106 8 31 4 46 1 45 3 30 1 73 34 67 23 31 42 13 19 77 8 29 8 7 28 10 47 2 21 30 12 30 4 14 34 36 49 27 4 43 18 66 1 32 17 38 3 57 5 13 
1 3 70 8 50 32 33 14 64 64 1 14 6 0 53 7 31 1 40 1 45 9 73 26 1 2 21 1 57 22 79 110 80 76 5 68 32 33 4 19 17 15 35 42 51 43 1 47 11 48 6 79 18 1 8 39 7 70 1 51 75 51 12 41 78 71 6 30 12 10 33 28 5 14 46 5 20 8 24 6 18 56 23 45 42 3 19 7 42 11 29 47 37 132 7 16 18 52 12 31 38 31 29 1 21 1 3 15 18 29 61 52 16 40 47 87 26 6 10 15 16 14 25 25 25 20 1 49 15 26 44 9 21 24 48 50 77 10 37 7 6 40 27 26 20 45 58 47 42 77 19 21 8 28 43 11 25 5 22 63 3 
3 23 7 16 18 8 33 21 40 29 28 28 110 1 0 24 28 46 49 1 35 5 6 11 27 47 1 49 34 68 5 18 2 25 5 18 11 11 48 13 3 6 34 17 63 29 10 9 1 2 62 7 11 16 14 16 1 36 61 77 4 15 63 43 25 36 8 37 64 22 2 15 48 42 13 11 22 1 24 28 17 43 49 85 20 6 11 13 2 56 1 34 61 18 47 12 57 33 13 41 8 20 6 51 20 1 45 1 20 9 36 43 43 67 10 5 4 17 32 1 3 22 5 26 33 3 49 4 18 28 46 39 50 102 65 33 17 17 31 35 57 1 55 34 29 66 38 13 1 45 19 16 25 50 5 34 4 32 21 13 2 
23 26 25 1 3 33 18 29 47 55 28 55 1 3 22 0 58 1 18 16 16 36 1 36 7 6 53 17 68 6 39 20 10 25 11 68 53 26 41 12 13 26 48 27 67 27 37 39 23 13 15 20 44 8 38 58 28 18 31 60 31 108 78 56 64 1 18 64 50 19 14 45 64 17 1 21 23 7 49 23 14 5 53 16 40 26 72 47 22 42 13 22 52 17 23 9 5 18 13 44 29 41 64 87 52 66 14 51 21 1 8 43 26 37 13 5 38 74 15 12 40 8 11 24 18 51 25 31 46 3 36 33 15 7 2 88 9 26 17 64 30 1 23 20 53 73 17 17 27 53 34 1 15 42 4 24 9 104 8 22 26 
8 42 11 54 47 5 14 6 14 25 43 37 24 80 62 1 0 14 11 64 32 30 68 79 33 81 12 57 37 40 9 72 2 1 31 29 55 8 11 22 23 20 36 2 25 1 46 27 48 23 20 62 25 25 14 44 14 3 9 69 34 49 11 10 1 11 20 43 55 21 33 10 39 45 35 3 87 43 4 11 15 48 24 39 1 8 6 7 23 1 73 4 35 61 33 38 3 8 63 10 40 8 10 28 19 33 42 16 43 39 47 25 9 31 42 76 49 63 48 38 60 32 21 20 44 10 13 10 40 15 69 6 23 33 14 9 48 5 87 12 25 9 22 8 24 10 1 9 3 12 22 32 56 4 27 20 32 50 11 55 4 
22 1 6 2 10 26 19 3 22 61 3 55 15 35 13 45 30 0 3 51 3 28 25 10 26 15 81 58 42 34 52 40 26 13 64 19 3 26 32 16 10 10 8 60 3 21 17 10 13 23 22 9 62 8 35 23 23 70 11 16 12 2 1 49 20 14 46 19 6 58 81 29 102 62 14 1 9 20 23 29 71 45 2 27 37 20 46 22 26 44 10 8 8 22 40 53 9 88 30 12 6 31 63 12 8 23 5 42 2 2 27 64 30 3 55 13 77 27 17 2 35 30 66 31 3 11 56 5 22 69 1 52 29 25 1 61 4 4 31 42 12 64 3 3 24 1 40 1 40 1 9 59 38 15 50 5 13 65 29 33 77 
45 49 43 10 67 1 9 36 44 58 69 48 9 19 36 14 1 7 0 35 49 1 8 48 17 56 32 19 23 37 1 35 8 36 3 16 32 15 17 59 44 4 25 27 31 5 45 24 48 22 21 79 26 27 47 9 41 5 89 57 11 35 34 38 4 14 35 12 41 29 21 5 16 11 17 37 32 26 19 9 22 13 25 17 21 78 31 40 5 38 2 2 26 53 38 27 24 43 32 29 1 9 20 7 9 43 51 2 69 18 30 19 61 4 16 17 70 36 6 25 63 41 37 28 1 57 14 73 31 1 11 2 39 13 32 12 56 8 26 1 26 53 14 7 5 96 4 91 27 13 32 38 29 52 48 18 60 11 13 26 13 
2 5 28 12 17 25 35 25 20 14 16 5 16 43 26 23 15 37 6 0 5 33 37 39 19 16 19 4 13 16 70 48 3 3 16 45 31 15 3 2 21 29 4 26 22 25 13 40 33 14 22 33 50 2 58 21 58 20 4 12 39 10 20 17 24 20 5 38 36 30 6 48 51 16 11 28 56 21 1 23 42 19 48 9 45 56 77 8 2 3 38 34 45 22 19 2 20 21 18 11 14 20 70 5 26 2 20 42 7 40 18 4 1 36 30 1 24 5 73 24 18 10 31 38 31 58 4 18 6 12 36 38 37 20 31 33 6 30 17 29 18 44 1 20 30 7 10 61 7 39 28 17 52 7 66 6 15 38 32 28 27 
13 14 50 49 38 31 32 3 43 31 20 43 25 44 27 24 36 8 17 23 0 17 13 14 26 27 36 25 8 7 87 40 56 13 7 32 3 90 15 1 9 17 35 1 14 4 3 55 1 37 38 5 49 39 1 54 14 15 10 27 13 29 43 71 51 14 53 28 48 39 72 2 5 56 10 16 53 31 38 23 45 11 5 25 51 13 48 21 14 27 59 5 10 14 54 81 17 17 47 15 5 35 56 13 51 59 45 2 41 39 32 10 28 43 47 23 7 40 6 50 27 67 29 2 77 10 1 4 11 7 75 36 46 61 30 37 17 20 26 16 22 51 39 28 27 3 2 49 27 36 40 38 17 15 10 25 1 3 8 17 27 
6 58 3 35 27 2 3 1 13 43 14 38 17 49 2 41 15 1 39 82 74 0 1 17 14 18 24 3 1 70 11 11 34 56 17 29 1 1 5 87 4 5 47 7 2 53 49 11 19 22 14 19 1 27 51 45 15 36 37 43 25 54 58 47 13 38 8 21 24 55 29 39 48 44 29 5 35 33 37 31 12 20 21 8 15 21 6 29 30 18 59 23 13 28 9 9 12 10 29 28 28 5 70 1 26 119 5 67 66 63 44 7 17 7 1 14 22 3 27 37 37 20 71 16 2 1 4 44 9 5 31 26 32 30 14 14 2 6 5 12 29 14 11 43 10 65 22 1 17 21 1 24 29 16 18 2 19 40 6 1 1 
10 21 9 29 26 59 37 44 58 59 32 4 11 9 14 36 36 31 3 47 36 25 0 8 70 54 24 30 9 10 12 21 41 19 39 25 4 26 43 6 33 30 22 1 11 20 1 8 6 56 17 13 15 29 18 12 55 22 19 1 51 44 24 11 15 18 5 62 15 26 70 33 38 12 13 7 31 5 11 35 59 6 1 7 21 32 31 11 6 19 12 15 43 20 7 8 59 21 64 19 8 6 41 47 33 21 50 8 2 13 1 1 18 6 32 1 54 30 30 13 12 16 35 35 11 1 49 16 73 14 50 59 3 55 31 2 56 22 12 7 12 9 9 66 8 13 22 1 77 12 51 23 21 31 8 5 34 18 35 18 59 
46 31 5 67 12 6 7 27 68 36 30 34 6 1 46 17 41 25 13 12 1 40 64 0 3 39 28 17 32 58 1 13 36 17 7 59 31 18 15 19 18 3 28 18 20 38 8 26 39 44 40 2 15 1 22 13 2 30 22 29 38 1 11 9 52 27 9 17 58 42 27 53 8 26 39 33 11 18 38 30 47 24 40 21 3 50 39 28 67 18 18 40 20 25 25 62 9 16 3 21 37 18 35 46 12 49 25 6 51 70 52 43 53 28 3 43 37 24 22 28 8 27 5 1 39 15 35 42 15 31 46 4 23 27 15 24 39 33 10 39 15 9 47 39 6 35 33 66 30 1 62 31 26 26 43 44 10 28 46 33 1 
82 19 30 12 30 32 2 34 27 6 16 41 59 6 1 27 1 7 87 13 43 22 10 11 0 36 35 66 34 26 31 37 15 2 30 65 14 18 24 8 55 10 36 33 22 53 33 47 52 37 11 17 20 11 57 5 21 8 43 24 24 50 14 6 2 2 15 1 8 51 15 37 4 11 24 21 51 18 15 7 28 21 26 63 2 31 14 63 41 30 107 12 3 82 31 83 33 1 15 41 19 35 68 18 17 39 22 36 33 6 14 26 29 7 16 46 48 2 1 36 25 39 27 28 20 58 2 11 1 14 33 26 26 12 23 16 26 60 14 8 19 4 22 63 42 28 17 10 12 9 6 34 47 7 43 45 9 39 2 8 6 
6 38 70 16 35 12 11 69 14 50 13 44 4 30 28 1 3 16 62 54 14 25 59 16 27 0 20 30 13 25 57 18 3 10 11 62 55 63 22 12 15 27 41 31 29 18 29 9 48 20 60 83 1 47 4 2 30 76 6 40 12 9 2 11 26 10 4 13 16 12 10 7 1 11 48 13 5 23 1 29 4 11 8 11 63 9 31 47 24 57 44 20 58 5 26 21 31 16 17 14 35 26 4 46 1 38 5 16 78 58 1 66 56 17 14 39 2 11 9 47 3 4 19 24 4 23 37 24 5 7 17 43 37 21 7 37 17 52 8 14 4 47 49 27 87 17 28 30 3 45 6 66 21 25 18 69 71 27 3 4 1 
69 36 25 31 52 56 5 7 58 23 29 40 5 5 35 5 23 32 49 16 32 14 26 24 6 2 0 28 15 25 3 9 1 85 3 5 42 62 44 5 13 37 21 34 80 17 33 4 23 22 57 13 3 47 29 39 14 7 9 26 1 68 38 28 40 41 70 27 46 53 19 4 19 23 7 36 28 15 79 2 44 62 21 31 58 18 27 49 21 39 17 11 7 44 3 23 32 65 59 20 20 47 14 13 5 7 6 16 13 5 6 18 25 6 25 11 4 5 20 8 59 55 1 8 107 25 26 66 5 38 15 27 9 45 61 81 35 53 43 16 6 32 27 55 3 5 33 2 35 13 5 5 1 4 37 34 22 39 3 5 37 
15 48 50 53 8 23 10 58 60 37 35 18 21 9 50 6 31 48 28 25 26 25 47 28 20 19 20 0 7 17 32 39 67 17 3 31 19 11 22 56 68 26 7 50 34 36 24 29 44 9 32 7 43 33 16 29 62 10 52 6 29 32 13 26 1 21 53 9 1 2 41 21 61 56 22 3 9 28 15 14 8 1 4 6 20 48 41 11 25 22 14 18 17 47 17 23 32 39 9 45 33 60 53 41 6 19 23 5 21 8 52 41 41 2 26 28 56 31 48 13 24 38 62 7 13 5 7 4 37 11 15 8 2 18 1 12 102 1 25 9 1 20 39 33 56 32 6 5 38 5 28 6 7 32 3 21 4 19 40 5 5 
9 20 26 54 42 29 32 58 11 26 46 1 34 39 48 9 57 15 44 9 47 41 3 37 55 53 48 1 0 16 7 34 3 44 9 38 36 40 10 46 57 28 1 51 33 18 38 8 44 16 2 47 2 22 39 62 43 8 41 4 11 37 27 50 1 19 18 43 62 14 106 9 1 12 2 59 55 2 11 20 34 34 42 67 7 50 19 25 8 32 42 53 7 14 75 67 18 5 18 57 24 1 89 8 40 41 4 31 46 6 7 8 34 23 40 46 8 1 20 22 31 4 52 29 12 2 18 36 17 60 8 9 24 23 33 25 55 37 14 10 2 48 21 4 14 19 42 60 36 15 73 38 16 11 46 55 19 21 1 24 24 
14 5 34 16 9 9 17 20 31 62 23 63 7 22 28 19 47 53 5 2 9 31 9 32 24 25 9 1 15 0 1 6 1 1 6 28 56 24 20 26 2 66 7 57 6 32 40 29 29 30 1 12 39 6 32 41 24 58 12 9 65 55 16 20 23 27 56 25 12 6 15 24 23 29 47 46 67 8 21 23 43 23 99 3 40 41 35 39 38 7 25 32 22 40 99 8 13 6 1 42 18 25 31 12 5 8 28 21 38 12 58 29 8 19 12 40 28 16 11 19 4 22 39 16 28 47 5 23 11 3 15 10 14 12 34 47 39 19 35 31 11 21 30 2 37 7 27 21 40 32 22 34 77 48 5 20 19 9 40 11 72 
60 14 28 16 37 36 54 27 17 16 35 62 5 12 3 20 46 17 35 9 11 32 35 16 34 8 37 20 27 27 0 43 44 61 1 35 46 4 24 11 41 14 7 12 1 10 67 14 5 30 12 41 57 58 5 1 81 20 23 27 8 38 33 45 23 23 33 32 14 24 18 5 3 28 24 2 13 6 4 14 18 43 2 23 82 36 19 32 8 22 20 8 4 44 3 14 33 1 27 44 37 22 16 2 46 16 101 1 12 46 20 22 37 60 16 36 24 2 45 9 7 32 31 39 10 9 9 48 5 25 56 1 47 4 8 3 35 62 24 25 47 45 1 1 41 12 48 37 36 13 83 3 22 49 51 6 22 1 14 104 47 
10 1 31 36 67 5 16 30 37 59 1 3 26 71 5 50 21 22 28 30 4 51 47 1 12 27 31 18 1 4 6 0 7 30 38 37 36 57 8 41 26 59 66 38 54 9 15 20 19 1 14 11 1 27 13 25 20 34 86 13 17 71 48 8 18 8 25 31 21 29 1 53 62 20 2 15 24 23 9 30 8 36 33 54 37 50 23 38 31 46 66 15 1 11 1 19 28 69 7 36 7 1 39 62 25 25 27 60 16 53 5 29 45 9 41 95 28 10 33 43 3 55 55 24 10 52 40 38 41 40 21 4 6 3 77 6 5 83 48 70 33 15 40 82 48 17 5 23 19 53 61 12 30 57 66 16 20 30 33 49 3 
15 23 60 43 57 5 44 17 8 24 54 9 23 4 21 15 3 11 18 4 3 43 41 11 29 46 49 13 35 38 14 34 0 22 50 71 78 27 34 25 4 36 12 18 13 46 23 1 2 14 5 3 80 9 8 14 33 23 2 42 23 8 13 8 25 34 43 14 8 8 13 19 7 52 5 21 4 56 6 4 37 8 3 29 32 19 1 22 24 39 3 1 14 11 8 28 3 35 25 29 5 24 67 14 1 18 15 54 61 13 19 14 21 11 66 2 14 12 19 35 12 9 11 23 22 32 3 9 18 18 56 4 36 2 25 1 36 1 43 41 32 44 14 6 13 10 25 39 1 33 18 32 4 46 40 11 24 21 5 29 24 
10 8 25 77 11 35 37 1 18 40 15 25 39 71 58 25 28 14 62 17 12 40 6 31 15 22 20 5 4 9 33 18 35 0 31 11 22 33 22 15 25 9 8 12 7 55 7 50 30 21 16 54 27 97 6 5 40 15 28 8 1 32 48 70 12 14 8 20 70 33 12 77 38 15 35 2 37 6 7 10 57 10 35 53 25 1 6 6 26 43 35 38 65 29 63 48 3 9 21 14 17 99 55 8 3 16 59 4 49 62 1 36 43 17 13 33 17 22 43 21 111 6 32 21 16 3 14 11 25 10 41 10 30 3 2 20 24 10 13 33 37 31 62 37 51 5 16 19 8 17 3 12 19 2 11 49 40 3 9 49 1 
23 30 31 33 1 31 7 46 29 1 8 11 33 6 37 10 28 53 19 43 10 9 38 82 30 35 20 17 47 10 11 44 32 5 0 29 27 19 6 31 28 48 39 28 65 4 5 2 23 14 28 41 12 41 45 8 47 1 11 41 4 8 1 22 113 3 10 13 58 32 33 33 18 53 25 21 1 22 81 26 24 1 69 49 32 16 2 20 18 23 38 15 1 23 36 17 39 37 4 38 38 47 11 33 14 73 8 58 23 47 3 1 48 73 16 55 3 12 28 35 20 11 48 45 70 25 26 40 13 17 45 30 3 22 14 1 24 31 7 35 23 1 41 37 18 22 15 28 6 1 5 43 66 14 64 8 5 22 2 15 54 
26 21 11 9 23 18 50 20 34 20 62 39 24 28 62 3 32 11 6 24 8 1 10 28 45 23 8 37 1 9 4 19 8 1 37 0 27 8 31 7 17 22 6 1 25 16 30 16 1 21 16 2 32 27 12 27 84 40 2 11 8 10 18 7 55 9 7 36 7 32 34 1 21 35 11 40 36 32 67 8 1 57 42 22 26 23 63 16 18 21 41 14 18 45 1 6 29 22 51 24 29 2 4 10 44 11 1 65 7 12 6 27 14 37 5 13 3 52 26 26 14 12 79 38 4 1 5 20 18 2 22 35 5 50 38 2 41 34 18 37 31 34 50 13 36 7 7 12 4 43 24 6 44 7 41 19 5 63 21 10 4 
12 55 53 6 51 36 1 27 19 33 5 43 22 47 14 33 15 45 86 26 5 53 1 25 19 22 35 25 25 93 66 21 53 18 19 21 0 62 56 12 34 42 22 94 54 33 10 1 5 12 21 14 14 26 1 97 34 3 1 77 41 34 49 5 3 55 62 13 35 37 37 47 40 4 35 36 22 74 77 2 23 66 27 7 37 30 46 17 5 103 8 44 10 59 9 40 19 23 4 96 30 30 10 5 7 2 3 42 9 11 46 16 8 20 37 30 3 12 14 9 15 23 17 13 39 5 2 30 15 45 9 79 27 1 42 33 30 22 20 64 56 18 11 39 28 51 16 24 69 5 21 13 6 53 3 35 80 18 1 11 16 
21 81 3 8 62 6 9 1 5 1 18 70 13 24 4 4 30 1 36 41 37 11 12 10 18 29 32 27 48 51 32 17 25 43 4 26 10 0 13 27 35 25 56 8 15 35 82 44 21 65 20 1 24 38 56 15 6 6 21 74 47 29 35 22 4 8 5 1 19 17 49 10 2 31 26 9 14 14 1 81 22 4 52 66 45 35 11 6 17 27 40 36 54 8 3 75 40 4 43 54 39 18 3 28 17 7 8 13 1 12 2 24 27 25 19 6 17 13 13 18 41 8 7 31 1 20 8 1 50 34 44 38 10 47 51 32 62 26 19 6 5 30 1 6 57 21 11 28 3 13 30 25 24 47 41 13 17 61 64 47 6 
14 7 22 71 74 25 13 15 18 30 2 12 26 1 25 17 15 46 39 52 21 2 20 2 14 23 23 20 51 4 2 20 8 22 5 29 18 15 0 1 43 6 12 3 50 36 13 6 37 25 5 30 9 59 8 22 40 38 19 24 4 9 53 53 22 11 31 6 8 1 29 22 28 43 16 36 39 19 41 5 35 39 33 12 57 47 11 7 78 5 1 26 65 8 12 17 36 55 3 34 2 1 31 13 41 3 35 33 26 51 22 13 65 1 25 44 37 53 60 11 22 18 14 67 5 27 35 99 47 42 35 43 8 34 7 54 71 5 41 15 16 12 22 12 39 93 1 25 14 22 34 15 42 70 15 22 37 34 34 7 11 
26 16 31 5 4 7 16 9 15 25 2 7 28 11 10 19 1 52 5 36 46 60 1 27 29 40 58 10 5 58 29 20 17 31 79 12 19 22 37 0 27 46 46 17 37 22 28 5 60 8 13 33 38 41 49 79 2 24 4 11 3 44 46 40 27 8 10 31 12 27 17 17 2 1 1 2 1 30 34 9 7 25 10 57 22 23 3 12 5 14 4 26 14 62 10 2 14 1 17 10 10 33 1 2 50 33 12 65 13 69 33 1 35 1 33 28 5 26 18 37 42 22 12 54 4 2 2 7 41 1 45 36 25 17 8 9 62 17 66 20 56 1 47 17 23 12 60 13 10 16 18 7 50 10 2 24 40 81 54 10 36 
5 7 26 59 22 27 2 22 18 28 24 42 45 13 25 37 9 27 21 49 11 9 10 31 28 24 24 77 3 29 73 29 29 14 20 40 2 53 26 12 0 56 49 25 17 25 45 9 7 64 45 19 19 5 9 60 23 27 62 27 1 16 10 59 50 16 11 28 5 32 45 55 18 3 1 22 37 27 31 18 46 52 39 49 8 33 1 17 35 56 65 34 48 47 32 14 6 19 51 5 4 5 76 57 74 68 40 10 39 52 49 23 1 16 33 10 8 63 25 9 13 27 38 46 38 84 10 24 28 11 48 58 2 4 20 90 56 14 12 9 1 1 61 1 36 62 19 21 4 49 44 53 3 29 7 1 32 24 9 22 9 
5 59 20 11 105 5 29 8 48 47 1 32 29 61 8 62 68 24 8 29 36 18 27 16 46 37 7 31 21 36 26 12 50 49 1 1 12 39 19 6 46 0 9 58 4 36 15 25 30 71 6 27 68 27 18 10 1 11 7 22 61 31 21 12 4 20 58 60 19 38 5 38 15 54 34 10 57 32 53 10 44 23 8 20 50 15 24 18 77 16 27 27 32 90 43 21 21 8 4 5 31 56 4 11 24 6 19 18 47 34 42 77 12 1 16 38 39 6 54 14 2 59 29 1 11 5 1 28 24 36 35 39 75 20 49 51 33 31 4 41 7 23 10 30 25 32 10 7 1 24 49 13 23 55 34 26 73 22 1 41 23 
2 9 20 5 56 24 4 24 26 2 14 17 25 13 25 9 5 31 54 23 8 11 26 31 14 32 67 5 24 54 24 2 13 1 1 20 2 47 7 32 21 22 0 14 32 19 19 17 1 11 14 11 14 45 10 8 61 1 59 66 7 33 10 9 85 25 94 71 24 15 18 33 45 31 13 10 21 9 55 40 24 16 3 50 36 18 58 62 8 56 11 15 10 49 56 23 37 44 28 15 8 33 31 44 25 31 8 28 23 24 8 48 43 43 22 79 26 16 29 8 58 30 17 27 13 12 38 48 51 14 2 25 57 8 9 39 60 1 24 9 19 49 8 23 50 7 2 70 2 26 40 1 41 12 19 24 3 30 14 12 37 
13 2 13 43 11 29 42 8 4 46 7 58 1 15 36 54 17 11 36 5 31 31 89 45 32 17 10 5 15 14 5 15 17 54 33 14 23 66 10 8 18 25 1 0 13 17 82 17 4 72 1 35 17 27 19 47 1 14 13 20 12 44 5 51 12 43 21 27 40 49 37 8 25 82 62 13 48 89 16 17 28 18 14 42 32 1 45 39 85 32 32 51 33 67 44 37 24 1 61 2 62 26 16 51 43 11 10 19 35 90 39 40 42 5 39 12 2 4 26 82 19 60 28 24 30 24 18 18 63 1 42 10 47 4 24 13 16 20 5 8 7 43 1 21 26 27 43 31 6 15 18 15 6 2 55 21 36 35 24 52 8 
5 43 14 46 22 34 20 3 30 20 1 7 11 43 31 42 19 11 32 38 50 28 2 27 23 33 25 74 10 42 32 11 17 45 3 3 2 3 51 12 30 22 13 61 0 2 35 4 21 29 25 18 1 32 47 43 20 5 8 14 12 44 42 47 15 39 10 109 1 21 38 13 64 84 49 43 5 38 20 22 7 21 35 55 20 55 11 22 4 49 8 48 27 1 62 34 36 30 1 6 38 53 30 16 2 45 5 47 29 36 20 12 13 71 5 30 29 44 8 16 52 24 11 5 15 48 57 21 7 1 25 25 24 30 76 31 18 41 20 1 43 8 42 10 85 7 48 9 57 30 44 52 33 14 11 8 24 30 28 14 32 
46 25 11 24 18 100 5 5 7 12 1 8 4 31 14 2 38 47 29 41 20 22 20 1 51 42 66 7 11 8 45 50 25 1 11 51 36 6 22 64 4 14 34 7 31 0 14 11 16 10 35 26 10 27 7 41 50 2 8 87 1 24 20 20 11 22 19 23 8 35 42 3 44 6 75 6 15 2 11 40 2 38 2 21 24 1 2 9 8 39 50 58 29 34 22 19 39 46 30 1 1 17 3 30 15 62 10 12 16 1 4 23 51 58 25 9 24 13 36 6 49 40 8 3 26 18 3 77 9 36 3 35 2 47 30 25 56 44 46 82 2 21 3 35 5 47 13 5 5 40 45 22 27 34 36 4 41 7 9 14 21 
25 16 50 27 33 2 9 23 3 13 39 2 1 25 65 16 3 6 2 47 16 57 61 52 32 24 15 29 12 3 2 1 4 86 18 55 32 32 45 36 30 3 50 15 15 7 0 14 67 6 16 74 2 32 48 20 12 19 31 14 37 54 25 28 6 6 72 70 15 37 17 11 40 8 9 24 41 56 34 79 14 1 17 61 14 38 45 1 5 14 38 30 11 22 10 65 51 11 49 59 19 18 29 25 48 17 1 45 45 45 59 3 43 8 29 1 12 24 7 8 46 42 34 11 12 45 14 51 7 11 28 18 48 6 50 7 36 16 22 12 19 12 19 18 1 15 46 72 62 82 21 67 15 4 42 46 64 69 47 45 37 
34 1 11 28 94 32 7 42 14 28 59 13 79 40 1 63 6 31 26 20 27 24 20 3 43 55 53 53 9 51 1 16 3 36 15 28 4 7 36 11 8 17 6 47 43 7 56 0 45 32 30 1 7 44 50 15 15 44 39 7 11 32 28 71 9 27 9 23 33 26 57 8 4 31 19 31 29 93 99 41 51 6 13 2 25 6 20 1 6 118 21 29 31 46 23 55 19 14 2 22 5 9 11 27 51 15 21 54 43 22 17 28 1 33 10 15 16 27 39 31 42 81 72 1 3 4 7 23 28 56 42 55 45 35 36 7 37 45 18 22 11 24 1 12 12 33 5 47 28 26 22 41 38 1 36 6 6 29 10 2 13 
5 20 25 4 33 14 36 27 20 32 22 40 82 18 2 29 60 45 27 17 14 41 82 54 22 22 58 42 19 80 15 43 15 1 55 46 47 13 49 14 5 17 6 24 10 55 15 16 0 17 1 17 78 33 40 18 22 12 33 14 2 24 38 11 46 18 10 4 38 6 29 3 15 47 3 61 15 53 17 4 7 21 12 12 45 7 60 29 17 19 27 32 32 42 15 11 58 9 17 2 1 53 36 89 4 49 7 29 44 5 50 21 30 62 5 12 15 11 77 3 86 32 21 2 48 42 8 60 10 1 13 22 64 19 18 35 24 31 13 43 27 7 3 29 3 11 54 35 52 28 4 11 64 56 21 42 8 8 6 28 6 
8 25 44 42 50 54 9 21 8 17 48 6 1 20 36 39 15 3 30 14 21 19 36 35 45 17 8 5 16 28 79 12 45 54 8 28 9 54 28 73 6 51 13 1 8 29 7 6 54 0 1 1 27 38 35 22 14 16 20 22 34 54 11 29 29 13 17 65 67 3 24 37 26 20 79 5 3 9 6 14 37 31 8 101 13 43 2 24 3 17 9 31 22 28 1 48 20 1 1 32 20 11 45 1 12 49 6 12 56 4 4 10 58 67 31 9 35 37 4 35 11 2 2 15 35 111 15 82 46 21 3 4 7 22 82 16 8 13 10 19 58 36 23 1 31 21 42 19 25 30 67 50 29 19 17 40 12 73 42 19 17 
22 33 12 19 2 9 28 11 9 1 3 5 1 1 7 14 52 42 38 1 14 19 9 51 1 15 15 64 51 52 2 29 81 6 2 23 42 54 74 5 75 39 3 3 24 25 10 5 5 41 0 53 9 6 30 62 14 15 4 46 3 8 19 69 32 14 24 2 15 7 20 1 20 77 10 2 24 14 66 10 29 23 66 5 38 40 31 19 8 33 20 33 49 36 17 40 51 41 9 8 100 45 46 43 7 20 21 30 59 16 15 28 62 7 17 19 53 1 10 62 19 43 14 6 55 12 9 2 7 23 1 42 29 27 40 42 21 7 21 22 22 48 54 4 50 31 5 29 42 14 5 43 15 10 18 12 5 49 27 14 2 
19 2 3 11 3 27 8 22 18 38 81 34 5 1 16 30 34 60 27 12 38 29 7 39 56 31 1 11 31 6 7 21 52 43 43 33 38 31 10 3 33 31 2 4 78 50 93 35 7 93 5 0 19 19 14 41 1 3 37 45 3 52 10 28 13 27 50 79 68 17 20 20 32 27 40 73 11 57 36 4 1 31 56 10 2 83 71 51 16 8 75 1 17 5 1 25 9 22 28 8 14 24 16 78 40 12 44 31 32 47 1 27 7 43 45 49 11 33 23 13 22 49 14 30 41 6 25 3 42 45 27 9 49 30 25 5 7 19 15 22 47 9 51 14 40 33 10 57 53 24 14 62 1 63 1 3 41 37 6 45 25 
56 35 21 14 30 28 36 8 22 53 22 13 1 13 18 24 21 30 5 15 9 18 22 40 30 27 10 10 27 3 3 5 19 19 4 17 28 1 35 43 11 56 25 29 29 67 33 12 25 45 18 14 0 2 5 19 19 31 13 49 19 16 3 25 10 5 34 5 25 8 48 22 40 75 8 43 15 22 83 46 26 19 19 21 25 7 8 49 38 22 15 23 35 4 1 11 2 2 17 26 44 39 44 8 39 19 3 36 17 47 17 47 27 50 6 28 41 53 12 51 5 12 23 6 27 3 11 52 14 3 24 33 20 15 6 4 10 38 22 15 57 10 86 32 61 44 42 20 21 46 7 29 3 30 12 13 4 5 5 29 68 
6 11 7 14 6 3 1 52 12 21 66 88 3 17 23 29 48 2 49 6 6 9 19 11 63 16 27 34 101 1 55 5 29 31 38 6 25 41 26 20 31 5 3 33 17 63 19 49 59 8 27 20 7 0 14 1 9 70 6 23 5 57 57 21 47 17 22 17 19 25 23 21 41 3 12 1 9 16 57 21 25 18 97 58 9 13 10 50 55 3 29 4 25 7 36 1 3 19 10 44 14 58 16 36 16 3 1 2 66 38 10 22 33 42 4 37 1 36 3 6 3 65 20 27 27 1 3 69 34 55 75 16 35 17 18 41 18 34 3 21 7 43 15 3 72 28 44 28 70 29 12 39 43 74 44 37 68 71 6 7 44 
47 13 36 93 1 24 17 43 40 51 7 43 9 6 33 23 11 33 16 110 27 10 77 17 18 8 26 13 13 14 8 19 21 6 5 5 4 13 51 41 22 47 25 48 1 6 33 17 55 67 29 36 29 22 0 16 57 2 35 37 15 8 28 1 1 23 4 35 45 6 17 11 25 41 7 4 3 94 23 1 45 14 18 13 3 37 5 1 13 4 21 51 32 6 15 26 8 41 14 38 10 25 10 13 12 21 1 2 6 56 10 30 19 18 59 16 1 26 1 9 48 49 50 7 30 22 85 11 5 25 65 35 31 5 18 15 49 23 17 13 27 20 5 28 21 27 57 21 49 27 57 3 37 48 73 21 24 30 14 40 3 
6 3 45 55 6 13 31 1 37 48 46 28 35 39 57 17 12 18 39 11 1 46 1 12 57 2 9 43 20 18 33 45 19 3 44 31 21 18 26 25 2 15 3 34 41 2 1 53 59 60 45 37 31 22 67 0 6 1 11 28 6 39 44 6 15 52 7 43 46 19 23 55 5 23 11 7 32 11 2 24 25 28 21 1 33 4 6 40 17 14 6 75 68 7 24 8 16 46 48 10 21 59 57 3 46 46 35 43 7 27 31 22 10 13 1 7 22 69 32 14 51 18 17 3 14 17 1 46 23 14 48 23 10 27 18 13 2 18 42 2 33 26 13 17 3 74 43 68 30 21 1 27 1 32 45 11 18 20 53 30 17 
2 20 33 1 48 16 7 42 58 43 24 41 8 29 3 26 2 1 63 28 11 21 56 23 7 44 81 49 19 29 11 10 56 56 1 66 28 26 19 2 44 6 13 18 13 65 19 49 17 1 9 2 26 26 17 19 0 17 22 56 54 49 3 22 6 1 21 10 48 43 23 10 27 24 16 34 68 5 10 34 2 27 27 27 10 15 9 12 9 5 30 63 13 98 17 30 51 10 18 37 73 55 21 19 8 5 13 16 19 30 23 39 36 56 43 3 56 14 36 46 66 12 92 24 21 55 6 31 39 29 14 13 13 1 5 20 7 42 106 22 7 53 26 3 10 33 43 27 23 94 24 45 11 18 69 6 5 10 41 11 44 
28 15 18 50 68 21 15 23 16 57 23 22 14 26 29 25 66 25 50 2 35 23 11 5 5 8 22 34 38 47 33 78 68 8 51 36 127 27 11 19 22 9 27 1 7 61 18 24 8 67 9 2 45 3 63 62 69 0 13 2 1 50 8 10 13 15 4 55 1 11 14 4 22 45 19 1 5 9 15 66 6 5 43 25 69 12 1 4 50 46 35 9 41 43 17 1 48 17 14 18 51 28 25 15 31 33 5 16 21 6 19 31 38 16 27 28 18 50 25 13 14 62 32 44 31 12 9 1 35 23 28 12 34 31 47 1 33 62 41 6 12 30 1 12 16 69 73 1 19 8 9 42 6 42 10 43 43 23 24 10 23 
3 54 47 3 14 19 87 60 26 9 28 33 39 19 33 11 61 38 9 54 9 46 31 9 25 4 19 67 20 11 16 7 3 7 49 20 22 17 3 3 10 35 47 7 36 5 25 36 11 30 15 18 8 12 1 26 3 50 0 22 28 35 19 15 39 20 59 13 1 37 24 32 48 15 1 32 45 36 41 27 66 10 23 78 34 34 50 14 35 35 46 20 14 22 23 63 86 9 7 37 1 57 29 16 11 19 1 57 17 27 29 42 16 41 6 4 4 1 16 3 13 25 22 32 97 1 15 7 38 10 32 9 1 27 34 21 31 25 13 48 10 12 15 15 10 34 53 14 41 31 32 48 14 6 13 7 50 42 10 12 36 
47 9 28 48 7 26 2 10 47 8 43 40 65 19 30 79 30 3 6 44 51 21 1 19 32 2 28 62 2 20 41 20 43 15 25 3 14 10 15 47 28 47 59 30 58 13 27 34 58 71 42 4 5 23 32 9 2 1 44 0 11 34 43 14 7 52 62 32 12 9 8 41 80 46 21 7 36 29 37 43 15 5 32 13 29 39 47 31 6 46 6 38 32 6 27 41 38 8 25 38 1 54 77 68 33 16 32 4 11 30 29 61 1 21 33 44 55 67 7 28 9 47 16 9 9 16 62 1 55 29 6 18 23 33 2 58 7 15 12 26 23 22 75 16 3 8 12 13 105 24 31 21 12 19 12 51 68 20 47 111 24 
11 38 10 1 18 52 48 1 37 2 39 5 41 15 43 53 5 46 16 40 2 54 15 18 7 43 66 48 1 58 42 4 54 35 19 5 10 19 32 28 14 26 20 23 19 1 22 41 34 30 7 3 46 6 51 44 8 13 1 4 0 45 37 11 27 14 51 32 37 4 1 9 65 16 15 10 59 32 9 74 30 105 2 13 19 39 11 11 4 45 71 86 3 4 30 8 31 37 61 27 46 28 1 23 23 36 32 20 27 15 1 30 1 52 17 9 43 5 37 39 16 18 6 16 38 4 24 56 46 19 13 57 7 1 10 17 1 23 1 30 6 29 9 26 29 40 9 38 8 1 22 12 46 4 41 27 12 9 55 32 1 
15 40 44 21 29 35 51 26 29 7 25 49 4 34 40 14 33 17 19 5 51 11 76 22 25 30 18 48 9 39 1 20 25 33 6 1 17 32 82 17 40 13 3 31 2 1 41 13 26 31 61 33 25 57 49 26 4 7 3 19 10 0 22 35 17 59 3 5 47 3 2 59 21 1 36 21 31 28 19 71 7 33 22 59 41 22 3 51 12 24 5 7 51 1 39 14 43 91 31 1 45 11 81 10 9 26 56 55 15 2 3 7 32 75 16 27 62 22 51 70 33 13 38 68 16 3 10 27 30 17 43 16 90 27 12 21 27 53 19 1 16 1 11 36 89 21 14 39 16 29 25 22 32 31 13 46 96 9 7 38 24 
56 37 26 1 35 3 10 20 88 19 53 5 6 17 17 33 8 40 46 71 27 20 9 12 38 44 13 61 36 7 76 25 33 22 42 8 21 21 11 68 3 25 19 3 14 9 26 1 4 5 8 4 28 4 2 9 9 27 63 38 14 27 0 25 18 92 15 45 11 47 1 1 28 11 15 47 3 1 73 13 22 20 67 4 26 55 6 16 6 52 2 32 43 84 2 12 9 47 1 58 3 14 58 1 7 15 9 13 22 4 26 34 44 11 38 2 21 31 1 24 12 5 2 17 42 29 22 6 3 33 83 48 24 12 69 10 1 14 35 9 38 23 93 29 2 6 62 31 9 41 49 45 31 3 52 26 45 38 1 86 3 
45 13 46 5 3 1 66 10 46 25 2 21 16 13 40 53 23 105 33 60 26 16 23 17 9 22 24 53 27 30 40 13 45 45 10 22 18 43 27 38 68 15 2 1 22 1 42 18 1 1 1 9 29 37 4 40 6 17 54 45 69 1 44 0 49 18 3 32 33 45 9 32 44 1 5 5 50 12 14 18 30 7 32 29 8 12 27 65 78 45 26 43 66 11 1 12 12 9 26 26 26 48 7 52 44 21 42 39 45 29 6 49 40 57 18 31 34 56 81 47 46 20 24 22 16 12 9 21 2 20 9 12 39 17 2 3 18 34 43 53 22 14 30 13 48 26 16 3 29 23 7 36 12 33 13 72 42 59 34 3 45 
22 86 24 59 59 7 3 27 45 61 52 34 70 66 3 62 24 49 43 51 8 73 36 18 3 37 33 16 22 36 14 1 5 16 26 4 65 38 17 50 9 19 20 6 1 29 36 25 20 23 7 38 67 53 22 30 23 40 11 27 41 34 49 6 0 27 33 30 8 34 1 22 1 2 40 25 17 15 10 34 27 11 6 51 41 10 18 3 22 4 43 11 22 49 14 27 14 81 25 26 5 20 17 15 25 15 43 13 5 19 26 1 22 51 1 39 1 33 9 33 1 26 55 52 1 3 39 1 9 31 6 6 6 52 4 15 33 2 6 23 48 2 24 66 36 31 58 20 20 24 16 29 27 25 31 12 27 24 23 18 47 
62 20 8 29 39 17 37 1 25 24 25 3 58 25 33 11 8 53 61 4 20 3 45 25 24 21 3 67 30 33 40 45 24 31 17 11 16 12 19 14 36 37 22 44 35 8 38 18 42 62 7 18 4 32 8 47 15 21 25 28 1 39 8 64 7 0 32 30 12 6 58 51 64 47 64 27 3 15 18 10 1 6 3 37 7 19 37 10 40 26 1 13 37 31 48 1 22 16 12 40 60 5 6 8 1 6 12 45 16 39 23 2 14 13 45 44 9 20 25 61 3 41 8 4 26 37 4 11 4 1 20 23 32 34 27 28 30 34 5 52 26 60 24 38 69 6 79 41 24 28 29 16 10 23 10 7 31 2 1 25 8 
3 40 44 62 9 22 36 31 14 19 49 16 35 33 6 37 63 35 38 2 4 25 1 16 23 6 85 25 29 63 25 75 4 31 48 7 23 98 41 70 34 7 26 51 45 19 56 10 42 35 64 52 36 1 22 34 33 8 42 16 13 16 1 42 24 10 0 29 33 28 38 65 16 52 26 60 34 1 26 56 30 80 20 43 40 31 8 13 37 39 15 41 13 38 47 29 35 29 21 3 58 14 50 12 32 11 11 18 32 4 7 55 18 23 20 48 73 39 36 25 1 7 3 64 32 49 32 9 17 11 25 22 66 1 29 3 59 7 43 31 9 20 13 3 35 11 9 77 1 56 14 71 61 1 26 30 29 23 55 4 34 
23 57 26 22 24 22 63 20 41 17 33 29 57 22 12 14 1 11 29 60 55 3 47 27 46 50 17 3 5 5 6 34 13 13 22 27 24 7 42 18 44 32 5 11 23 10 74 77 54 3 93 17 21 16 12 4 10 26 34 42 11 13 5 23 51 50 2 0 37 9 24 35 18 51 11 27 11 8 26 32 57 44 63 12 36 24 4 2 61 23 1 32 4 4 72 3 30 1 5 8 40 90 42 59 1 49 14 15 18 1 1 8 14 56 26 16 24 20 10 8 41 6 10 29 3 26 10 50 45 54 10 37 37 18 13 32 3 39 48 4 12 19 64 13 7 2 6 21 1 10 17 8 55 21 77 1 70 87 37 5 17 
7 19 17 37 15 24 51 64 7 30 8 35 9 15 61 19 51 16 38 46 41 25 6 10 71 94 1 15 26 1 14 34 31 2 62 15 11 25 14 68 47 6 45 65 28 7 39 39 1 4 32 42 65 58 32 15 62 34 5 4 12 6 10 21 67 13 16 28 0 7 46 60 20 24 29 4 6 55 24 5 17 5 1 6 64 2 8 18 28 8 3 9 9 4 18 49 64 65 5 12 20 56 34 23 37 52 17 49 38 40 13 41 37 14 6 15 5 12 58 62 38 41 9 3 25 17 7 37 33 35 32 2 29 72 23 47 3 17 28 30 10 66 61 12 7 30 27 1 55 27 39 26 47 12 55 51 31 17 7 85 24 
6 24 52 24 7 1 21 2 12 8 37 27 85 9 28 5 10 30 36 2 2 60 9 3 1 67 7 53 56 36 23 24 2 28 46 19 57 1 3 23 57 11 20 30 47 19 2 2 49 24 38 34 60 30 33 25 14 37 32 62 7 39 36 9 36 42 28 10 5 0 33 14 21 48 14 48 1 1 35 77 8 40 3 44 38 26 4 35 56 56 26 27 8 46 22 16 27 52 27 39 30 39 1 18 60 28 29 35 18 18 54 19 20 15 12 17 42 45 27 43 35 8 1 5 13 58 10 33 5 1 31 9 6 64 12 29 19 30 1 37 2 13 25 11 16 3 8 39 5 49 45 17 31 21 22 26 16 13 69 12 40 
6 31 31 7 57 9 14 41 24 6 10 25 1 9 24 12 12 37 17 15 50 4 33 37 45 5 17 18 21 60 17 29 30 4 57 1 1 18 6 37 11 5 42 7 50 28 1 22 36 48 17 15 13 17 3 28 2 35 9 27 49 38 64 2 26 28 47 28 38 21 0 6 54 28 12 34 45 58 23 24 20 15 57 56 2 1 26 22 34 38 14 32 23 3 30 25 19 38 6 5 59 7 51 36 47 9 9 5 8 54 2 25 29 21 51 42 30 49 5 1 9 20 45 35 41 75 9 49 28 25 25 5 22 49 53 68 20 9 41 44 43 27 57 17 17 55 17 14 14 42 10 26 46 7 29 33 35 48 24 88 19 
60 17 24 31 48 7 43 2 7 32 23 10 5 27 25 10 3 23 15 22 26 5 59 14 55 69 41 7 1 26 6 31 80 40 13 26 7 16 22 1 37 50 24 17 18 51 1 9 38 36 3 15 19 13 35 9 2 31 34 60 39 30 21 7 21 27 37 1 28 4 19 0 11 10 17 60 25 11 22 36 29 4 83 47 23 31 28 23 13 47 8 16 2 27 34 30 29 1 3 13 16 16 17 22 62 7 29 1 60 20 34 17 33 21 30 19 31 60 13 1 22 15 1 25 15 4 3 1 11 32 57 52 30 55 43 3 51 9 3 23 26 24 7 50 44 18 11 53 43 33 25 10 41 4 28 29 19 15 51 20 27 
81 5 9 21 13 21 1 22 35 33 54 11 3 22 40 14 29 41 8 47 12 7 1 9 8 6 40 6 24 3 12 49 69 46 1 11 12 69 39 17 35 33 21 46 40 68 51 18 90 20 51 21 26 1 7 38 49 1 4 16 26 31 20 62 29 15 18 22 47 7 14 5 0 32 5 12 7 28 40 29 39 26 7 14 1 16 53 3 32 1 2 22 45 42 35 1 47 26 19 11 3 17 34 9 35 7 8 20 36 14 53 68 4 11 65 50 25 9 32 18 91 28 57 25 23 25 67 19 8 24 3 34 10 40 38 54 8 35 33 16 84 4 29 37 63 66 50 21 1 10 22 13 40 38 37 12 28 21 1 31 8 
28 34 45 6 35 46 32 32 24 1 21 32 25 8 26 16 28 38 49 61 8 72 9 15 3 12 29 6 19 4 70 58 9 62 1 54 28 22 40 1 30 44 28 36 44 14 33 37 24 48 6 22 21 82 38 29 83 5 19 27 2 1 30 12 65 30 11 18 27 49 64 33 2 0 26 29 11 31 15 30 26 41 39 10 10 8 2 21 33 13 1 51 41 13 31 27 6 4 30 30 6 7 5 29 5 17 21 27 58 45 3 26 13 4 3 32 18 15 1 28 3 21 8 10 10 20 37 34 46 55 95 18 42 11 39 13 7 7 4 17 34 54 9 38 3 49 32 12 47 25 1 10 10 74 37 42 7 12 13 1 3 
14 17 34 9 32 15 14 45 68 5 5 56 34 19 12 3 35 45 56 41 5 10 24 25 12 14 13 49 44 17 40 47 28 2 14 17 67 23 23 42 64 9 50 20 11 28 10 5 37 1 72 37 28 49 57 23 24 40 49 31 41 92 49 1 14 42 34 8 28 20 30 32 17 14 0 41 2 36 54 39 43 1 46 30 10 11 53 94 23 5 39 6 3 1 14 31 1 18 14 24 9 17 2 42 76 33 55 14 14 29 9 20 13 20 41 3 1 5 15 54 16 30 43 39 11 30 8 13 43 9 72 22 80 23 44 6 50 31 35 20 49 57 29 47 28 6 37 33 23 6 39 23 53 99 1 32 16 14 9 15 16 
35 18 44 84 41 55 71 11 24 20 7 8 51 27 5 45 17 19 44 25 36 77 22 14 45 49 1 60 34 35 15 3 31 36 32 23 15 48 22 8 15 13 42 22 1 4 36 10 15 48 22 11 15 36 55 18 31 23 39 14 63 1 49 5 19 41 2 35 2 6 4 6 26 12 24 0 24 15 11 19 8 81 7 54 29 23 31 21 20 48 41 37 73 20 25 24 9 51 26 4 57 78 48 3 31 67 22 4 56 28 24 29 7 41 38 11 25 3 50 12 1 30 23 53 14 9 21 1 6 32 8 25 7 39 40 18 4 1 6 28 33 32 9 36 35 7 16 3 39 5 17 10 10 17 12 37 7 5 15 23 15 
23 5 8 26 40 17 22 75 62 19 30 47 34 20 57 45 15 23 2 5 94 5 16 50 13 10 22 47 59 24 2 42 2 54 36 33 29 36 42 5 11 44 56 13 27 21 36 8 73 60 16 60 55 27 25 23 3 18 22 4 11 2 24 15 13 20 11 18 51 23 10 18 29 1 34 42 0 23 6 33 10 53 15 8 10 30 15 13 6 9 43 57 22 6 47 85 23 53 48 34 55 20 19 29 38 26 11 8 10 48 33 22 32 13 29 49 27 12 35 13 19 58 45 98 19 36 22 15 3 11 5 50 42 38 9 54 7 39 30 49 25 6 43 23 34 13 26 34 18 60 9 36 85 53 26 15 18 12 29 2 45 
22 32 8 17 8 29 33 5 42 29 60 62 19 14 43 40 35 39 49 10 42 5 1 58 43 17 63 8 8 7 18 4 16 19 8 3 24 7 6 80 35 44 26 28 12 83 28 9 40 19 21 22 31 1 27 61 15 8 1 47 1 24 11 4 8 17 26 20 47 36 2 50 33 25 9 29 10 0 39 68 5 63 60 12 20 38 10 45 16 12 24 46 46 27 15 2 26 51 48 57 53 1 26 15 47 5 50 4 3 8 58 52 5 22 34 12 4 38 11 2 2 29 37 53 16 45 34 32 49 27 71 1 24 71 6 45 19 25 26 18 78 5 26 52 10 64 71 2 10 27 42 38 44 25 78 48 50 24 31 2 24 
21 32 28 3 26 37 20 24 54 74 31 26 39 37 1 17 23 57 12 1 33 11 8 31 52 31 23 4 1 31 8 24 41 18 10 32 23 15 9 19 34 18 15 40 9 54 24 65 44 28 25 53 18 2 30 12 13 17 35 43 31 65 74 24 16 3 21 27 33 41 68 21 14 5 7 65 36 32 0 2 25 28 23 38 33 9 15 23 28 41 42 14 51 4 61 6 6 33 19 36 1 1 19 40 29 29 10 10 28 75 23 75 30 1 10 51 70 47 54 24 4 31 18 37 43 4 12 11 25 17 28 37 34 75 61 20 22 46 40 41 1 22 11 5 37 4 29 51 28 13 33 8 37 1 18 30 48 29 2 46 3 
52 8 16 35 1 21 37 6 1 40 46 24 1 5 6 16 29 1 43 20 4 18 7 68 3 38 1 10 61 2 30 17 8 19 50 34 50 38 33 7 30 3 14 5 111 36 24 5 52 15 1 21 19 38 40 16 1 29 73 23 27 16 15 1 3 52 48 9 78 46 39 1 40 10 1 20 8 1 2 0 2 49 7 11 12 21 22 20 4 4 36 7 66 1 34 1 41 57 46 35 68 41 52 37 13 70 7 26 36 42 12 52 84 11 26 6 43 36 4 35 22 13 18 61 42 29 52 9 2 36 23 32 31 12 40 3 16 30 20 31 1 37 19 62 32 30 29 68 9 20 1 35 34 18 13 26 26 72 32 1 17 
69 27 18 3 57 3 13 1 36 18 39 44 19 4 15 18 10 34 1 18 17 12 37 24 12 1 40 23 21 48 63 6 37 20 7 51 6 44 16 15 2 3 12 14 18 6 39 12 26 12 32 40 34 30 41 4 46 3 15 8 13 83 43 49 32 57 31 66 19 3 1 79 25 7 47 9 18 8 7 10 0 11 8 12 30 32 63 30 77 2 6 6 5 9 78 1 7 2 19 65 25 20 11 19 1 38 3 12 20 14 15 17 4 8 33 23 9 17 30 44 14 4 40 21 1 4 32 18 41 4 22 9 44 80 22 10 34 21 64 27 6 1 35 9 5 1 6 83 1 39 2 30 67 7 12 64 9 16 26 29 60 
6 3 34 17 28 5 5 24 13 1 24 39 32 1 4 56 4 17 17 14 13 29 34 51 15 2 32 68 32 37 55 38 8 37 16 5 14 56 15 7 20 39 12 4 51 27 6 57 52 29 5 60 19 29 7 55 56 58 21 35 10 31 43 37 20 105 32 13 31 47 4 32 34 87 23 19 5 13 46 12 17 0 40 43 46 37 81 18 24 31 44 15 20 53 6 44 15 78 49 22 30 1 33 1 49 2 33 42 10 8 57 29 44 25 87 1 10 38 69 6 26 30 37 24 19 14 22 26 43 9 35 39 53 9 44 1 6 5 43 52 11 4 22 73 9 14 8 22 18 1 60 20 1 8 32 3 15 24 28 10 42 
27 10 62 50 11 65 22 15 11 68 18 8 1 3 7 34 67 51 5 12 9 29 25 57 6 39 29 66 4 53 2 64 12 3 23 3 21 68 72 25 75 55 19 89 45 28 22 42 23 3 17 36 40 37 23 9 52 10 53 40 7 17 7 26 14 18 11 45 1 10 14 18 16 61 3 27 19 20 32 4 11 24 0 10 6 33 17 14 18 56 28 36 34 21 18 57 12 12 44 45 15 8 15 12 37 26 39 10 58 45 2 58 20 10 23 52 41 25 50 30 1 18 46 20 32 37 25 22 20 21 5 41 42 7 38 29 18 27 37 23 5 5 37 5 6 21 17 55 35 22 9 32 48 60 38 12 1 1 4 3 3 
1 33 19 1 72 42 38 16 4 3 1 38 4 34 4 3 48 6 6 26 21 64 11 1 8 84 24 19 32 36 6 9 45 50 16 13 26 5 10 12 27 4 32 4 57 37 53 42 20 27 41 57 21 17 41 5 48 15 49 28 20 12 55 56 62 58 81 21 1 1 21 26 44 33 14 16 48 9 52 12 19 18 26 0 22 37 8 1 54 5 27 22 8 2 49 56 4 39 30 47 38 3 37 43 47 64 64 8 16 31 51 18 1 10 38 21 27 36 40 29 21 48 55 20 10 41 23 40 56 54 22 51 5 8 54 7 37 10 1 23 88 36 28 50 55 28 33 13 11 17 56 38 18 39 29 18 18 39 15 2 28 
50 25 24 20 11 46 5 22 13 29 43 36 32 11 13 40 66 48 10 33 14 36 18 45 8 51 64 45 25 37 27 28 44 16 23 81 2 43 6 17 39 16 11 9 60 41 26 65 47 38 1 47 23 36 29 4 50 27 56 3 6 47 36 1 47 13 32 48 28 33 26 13 8 25 56 42 34 36 1 13 7 47 21 17 0 37 9 38 33 21 78 7 29 9 11 17 1 11 22 25 25 49 35 16 80 5 26 39 1 9 5 21 11 6 73 3 1 51 57 34 14 20 25 40 27 47 27 30 31 15 9 48 26 4 7 39 20 30 13 6 12 19 24 35 77 11 25 62 19 19 29 8 27 47 19 37 8 10 8 40 26 
8 34 47 28 42 34 21 5 12 18 62 24 36 33 53 48 69 30 1 20 4 38 16 25 16 23 16 1 22 60 4 27 6 38 54 19 55 5 10 10 16 4 11 92 71 29 76 30 23 45 45 3 33 31 33 20 4 38 35 4 17 23 91 49 8 16 14 37 44 9 7 32 1 64 13 93 27 41 11 21 18 69 59 12 21 0 14 20 18 12 31 6 1 12 12 31 12 4 15 8 9 15 10 35 33 26 8 13 32 30 1 84 78 5 2 62 35 11 5 52 22 11 3 55 15 27 69 24 17 62 41 35 12 17 52 1 3 34 29 3 27 31 66 9 61 14 17 18 63 49 4 11 5 34 28 1 10 47 35 39 3 
50 9 22 14 4 1 5 52 44 14 10 14 29 86 11 94 49 24 6 51 17 58 1 50 36 20 1 4 7 7 15 5 33 38 15 21 1 35 16 12 5 32 16 17 66 71 6 15 9 27 1 11 15 26 15 45 42 9 39 20 1 1 49 5 36 43 12 44 7 44 22 21 11 15 64 52 31 6 57 69 10 67 32 37 22 5 0 45 45 34 12 5 21 47 3 21 49 40 22 41 24 61 40 20 44 49 17 9 12 44 38 2 8 26 8 14 7 36 71 1 1 32 36 3 7 28 68 10 12 18 12 48 33 31 15 29 27 19 8 3 52 30 82 30 10 27 1 22 18 56 15 22 16 89 30 44 68 2 36 22 19 
14 1 4 8 5 30 64 10 15 3 27 44 17 6 2 11 8 8 12 15 50 14 42 4 45 48 102 78 15 13 44 33 1 10 30 4 55 8 14 43 36 45 14 25 10 28 26 2 25 20 85 36 28 11 55 20 34 40 74 12 13 30 59 3 41 2 14 18 58 34 48 32 15 20 21 44 47 28 14 14 72 3 3 12 48 11 50 0 46 50 53 16 4 4 29 16 38 43 30 21 17 28 18 25 24 20 5 12 73 48 26 49 43 44 6 58 18 12 10 31 2 5 1 29 51 38 73 13 31 27 17 37 25 4 6 41 24 53 28 37 18 9 2 18 63 24 31 55 28 22 54 14 62 90 20 37 32 11 14 49 21 
30 53 9 11 37 50 56 38 41 32 22 31 41 24 16 21 13 16 20 39 25 20 54 25 29 75 3 17 56 31 1 4 35 18 45 4 30 10 54 38 6 44 33 4 11 15 41 36 57 40 4 56 47 33 35 39 42 20 107 20 1 56 5 16 12 4 27 41 13 52 19 42 17 22 3 22 32 15 12 37 70 21 10 23 35 23 34 18 0 32 44 11 13 52 35 31 2 16 47 7 41 19 10 75 53 23 21 7 41 24 10 3 4 11 22 57 7 25 1 1 7 29 32 81 33 16 9 1 1 5 5 19 33 18 22 14 15 30 24 13 29 35 2 27 16 42 24 57 10 33 12 40 57 24 7 18 26 11 1 27 31 
12 9 3 69 10 7 48 31 51 40 42 2 16 32 36 27 51 13 18 12 23 11 30 5 56 9 51 45 29 16 20 29 35 40 31 54 1 42 13 33 1 46 16 34 50 7 25 39 31 13 65 66 18 56 64 14 1 8 66 16 6 48 4 51 11 32 1 7 40 26 6 27 28 3 1 33 64 70 22 30 9 5 1 34 21 36 2 24 51 0 42 30 1 54 37 30 62 40 13 57 26 4 13 13 15 13 18 28 48 66 42 32 50 48 23 64 31 20 30 22 36 42 14 32 21 2 5 18 15 46 22 3 8 20 1 23 72 6 71 78 76 32 33 25 12 17 6 32 13 15 15 65 17 56 4 33 23 24 48 18 6 
2 4 66 8 12 8 11 19 3 6 6 23 27 10 50 36 1 18 16 3 36 15 75 52 1 20 16 22 11 11 2 56 15 4 14 22 18 25 69 5 28 33 70 26 6 32 20 10 9 30 21 6 24 48 5 14 8 37 26 45 58 43 47 2 10 19 16 13 25 10 23 67 11 10 19 73 13 10 13 1 5 33 20 10 30 52 28 19 48 30 0 24 7 88 9 26 1 20 14 11 2 2 27 8 30 1 65 11 10 49 19 28 30 13 59 24 54 4 44 36 11 87 82 27 16 33 24 81 14 28 10 23 20 9 72 18 19 50 29 56 30 50 15 27 15 1 2 1 17 10 28 62 41 17 11 26 6 3 37 2 12 
44 18 23 31 29 23 8 41 9 4 60 14 72 43 35 20 52 16 7 33 13 45 20 1 73 15 49 8 19 25 59 20 26 20 26 49 22 22 51 54 8 4 68 35 5 5 14 6 14 5 7 46 26 7 57 14 69 39 25 36 3 19 4 10 2 4 9 22 30 13 38 37 27 42 24 8 35 6 23 65 14 56 21 12 4 47 20 1 10 34 2 0 22 31 58 11 30 11 6 32 15 13 2 9 48 21 24 13 28 7 19 19 17 11 15 5 13 26 30 35 15 34 47 1 93 41 4 48 56 24 49 49 39 47 19 1 40 38 29 35 23 6 32 99 37 24 1 39 5 31 17 43 38 8 18 9 1 36 4 19 59 
4 43 10 28 1 18 2 8 8 35 23 84 18 5 54 41 11 14 35 1 17 21 50 36 8 28 36 48 22 19 30 23 72 22 9 1 10 22 24 10 18 9 18 16 15 32 33 43 3 12 23 14 23 4 1 13 64 3 30 20 32 21 9 47 1 18 39 9 22 8 3 14 60 5 1 28 9 5 27 12 23 34 1 42 5 33 34 75 53 6 24 28 0 9 6 53 19 15 6 5 30 45 47 14 55 59 16 7 26 26 9 67 11 12 23 9 9 16 16 18 14 26 27 10 11 53 8 28 29 12 35 17 42 4 57 1 46 25 11 11 32 51 44 20 26 6 4 10 4 7 2 45 26 31 31 13 53 26 11 12 70 
48 38 43 28 5 19 1 4 27 52 2 13 28 32 32 44 33 9 15 10 55 24 6 23 53 54 5 25 49 45 7 53 5 19 13 4 1 7 29 66 31 31 8 18 18 11 30 18 15 22 76 23 53 43 32 7 34 17 63 37 26 3 48 74 92 10 29 5 31 13 31 7 58 6 57 62 27 18 24 56 34 49 27 8 11 21 17 79 41 36 37 51 34 0 42 10 16 54 16 76 47 15 67 13 16 14 1 2 38 19 9 18 39 38 2 26 10 41 21 40 9 24 4 14 5 9 52 32 57 10 73 24 43 66 26 1 20 21 45 28 5 30 31 23 29 10 17 22 64 61 30 8 25 36 17 15 1 50 8 8 16 
19 2 36 66 27 25 27 21 68 12 18 10 11 3 20 38 16 28 8 25 18 34 40 17 19 1 51 3 3 1 20 5 1 2 31 29 21 35 1 5 36 53 3 28 3 50 37 22 17 27 20 19 2 20 24 29 39 14 13 29 46 79 35 58 49 54 16 42 28 20 1 41 18 9 15 19 5 25 16 2 30 22 4 66 3 55 38 18 6 4 28 18 10 14 0 32 11 1 21 8 7 18 34 2 1 48 52 57 30 28 44 31 62 15 19 13 41 20 12 11 7 33 22 19 26 73 48 54 7 15 11 10 7 7 21 14 25 1 17 42 66 19 22 57 5 12 10 49 29 45 14 21 9 49 45 51 22 91 9 24 46 
35 19 21 3 33 36 32 30 6 57 12 38 33 29 7 56 31 87 93 61 15 38 64 8 11 46 46 19 6 26 13 12 3 9 30 20 53 26 30 37 31 16 3 1 38 11 20 40 51 6 18 9 21 36 3 9 9 24 53 98 21 11 1 18 12 57 106 4 18 29 9 50 30 32 8 43 23 47 95 84 18 7 37 2 35 9 9 3 84 17 55 59 21 4 11 0 18 65 25 38 31 16 41 8 13 4 1 34 59 41 7 32 11 20 94 10 26 36 20 48 52 2 5 38 10 34 12 4 52 3 20 22 34 70 12 12 1 74 28 8 34 32 1 17 31 17 42 36 43 98 9 9 1 34 4 43 21 15 21 47 22 
60 24 5 19 85 6 6 54 29 30 13 24 11 23 32 19 57 16 8 46 56 21 42 28 6 24 11 69 6 17 2 52 1 56 30 31 35 55 18 37 15 30 90 39 1 1 16 80 48 1 11 44 11 42 44 19 2 45 54 7 52 47 1 38 13 20 56 66 50 33 37 4 4 12 1 70 5 25 13 33 49 58 27 10 46 14 31 35 38 3 78 22 23 9 32 2 0 19 50 37 5 33 24 63 3 37 13 15 15 7 45 4 38 29 37 7 38 1 21 39 15 39 3 17 10 40 34 29 40 24 35 7 31 2 19 44 20 55 31 3 31 4 5 34 113 15 31 21 17 18 15 38 63 27 70 25 26 15 48 24 36 
27 20 36 42 24 31 5 17 34 18 38 46 36 44 81 31 43 3 22 11 3 12 7 17 29 15 20 25 16 48 18 9 5 34 35 38 57 62 20 19 15 66 18 7 10 25 4 18 31 22 23 38 24 14 20 12 12 12 44 22 9 3 42 20 16 8 4 27 23 45 3 41 10 99 1 84 3 24 4 61 9 30 17 37 3 4 46 27 71 9 20 41 19 8 43 26 76 0 28 21 9 22 6 11 19 26 43 19 26 47 6 50 1 44 76 19 45 102 17 92 12 4 23 57 52 11 24 10 44 22 11 1 40 2 18 59 17 45 80 32 11 6 18 1 22 83 12 80 39 11 25 65 23 47 45 53 68 53 38 1 14 
16 25 16 62 6 14 29 18 43 21 15 24 6 37 13 1 3 1 25 42 7 20 11 46 19 43 7 16 12 84 28 7 27 3 19 10 43 38 64 27 1 39 23 5 10 59 57 78 8 6 4 56 24 47 24 51 36 68 21 35 25 27 22 16 34 19 8 69 26 82 1 45 33 20 43 21 21 1 24 30 17 24 10 32 14 32 5 23 35 23 87 17 7 63 7 13 9 7 0 6 31 17 19 11 14 25 14 17 25 42 39 10 55 12 1 60 18 43 58 15 11 24 13 22 58 9 29 18 10 46 67 14 69 10 38 3 6 11 17 5 4 3 39 28 37 45 9 33 18 18 20 2 43 5 11 7 22 13 12 53 42 
13 3 87 63 59 2 72 6 12 26 46 46 21 7 6 38 19 40 38 7 4 42 14 2 17 3 43 30 21 46 5 15 26 17 15 57 16 17 23 17 23 29 60 37 24 5 11 22 2 39 33 20 43 28 9 7 19 7 3 1 21 66 18 52 45 31 15 1 21 26 15 49 42 49 15 23 25 48 25 7 20 58 8 12 1 38 32 27 69 11 52 17 55 46 40 9 10 2 22 0 50 9 46 19 22 3 43 33 6 9 3 18 19 71 45 26 9 11 21 34 62 43 44 8 7 9 44 3 3 10 37 23 44 11 95 65 38 53 4 19 52 22 1 16 19 20 13 65 13 12 7 54 45 25 6 11 29 23 30 1 8 
56 64 11 4 7 21 19 11 25 39 63 24 29 72 57 3 21 36 12 26 22 37 52 4 110 33 115 27 36 12 1 81 1 5 11 41 36 18 26 41 3 30 12 5 11 5 46 53 61 51 39 65 6 16 16 13 41 18 8 55 12 21 11 35 13 17 60 1 19 14 19 71 13 59 82 22 25 29 14 72 29 8 42 31 38 16 24 7 41 2 28 28 30 17 18 7 18 15 12 21 0 14 1 7 88 61 21 15 50 64 35 5 17 22 17 5 20 30 9 61 64 1 35 3 30 7 26 38 2 13 28 1 47 33 21 36 36 30 51 18 8 36 20 90 7 2 21 27 31 6 29 14 1 82 65 8 5 8 23 46 48 
19 32 53 17 37 15 21 19 21 87 4 50 21 37 28 56 14 11 20 42 54 58 42 14 1 12 37 26 4 37 7 54 45 44 39 14 57 67 73 8 48 11 13 49 52 22 16 13 40 96 22 26 48 1 22 12 4 35 7 34 2 4 59 47 62 25 60 42 12 19 11 5 7 44 59 15 12 9 33 17 1 19 27 49 2 65 22 6 15 59 39 5 15 34 13 3 66 10 32 49 3 0 18 37 41 15 2 2 39 72 20 55 1 48 18 18 30 28 39 42 41 28 21 83 3 16 50 27 3 55 14 5 23 13 44 32 51 71 80 36 7 36 1 23 14 84 16 5 12 52 15 1 18 8 41 9 2 37 40 16 38 
16 17 51 45 46 45 18 35 29 18 21 25 69 53 16 15 2 9 6 14 11 12 14 2 17 53 32 21 8 49 45 27 2 3 4 41 30 54 17 4 51 16 11 27 34 4 23 36 30 39 30 44 14 3 43 8 51 53 33 12 21 20 73 81 48 67 26 64 49 49 39 34 4 6 29 62 43 1 100 28 53 7 26 17 26 4 7 8 10 15 1 44 24 13 5 9 10 18 22 57 87 53 0 41 1 5 10 54 63 14 38 64 20 27 14 86 42 31 89 11 27 43 53 34 13 7 29 49 8 10 12 31 7 2 44 5 14 16 49 36 5 10 49 27 44 6 5 76 25 1 39 16 34 24 22 59 1 17 23 20 56 
23 37 25 22 38 1 29 12 54 20 22 15 22 45 23 9 42 14 24 10 43 34 15 22 48 23 25 63 22 39 5 11 43 39 34 4 24 7 5 7 26 29 31 24 16 29 21 24 2 57 14 6 12 47 9 16 33 39 21 31 13 7 25 50 1 29 36 2 13 2 2 11 19 14 23 36 5 7 24 59 19 1 16 7 5 36 18 19 7 9 1 43 47 34 26 56 86 21 17 23 36 16 68 0 19 23 32 21 23 59 25 4 28 39 41 7 31 30 9 14 55 43 3 11 51 9 10 32 40 28 24 17 42 30 10 29 7 23 71 32 49 12 42 3 13 61 41 7 53 21 66 21 49 26 54 24 40 1 7 52 15 
19 68 40 24 26 41 21 50 13 2 1 27 17 11 79 56 22 23 16 66 9 21 61 19 35 8 21 49 39 22 1 35 53 18 11 25 14 11 37 59 28 41 18 27 20 42 21 35 23 19 17 27 86 10 15 23 41 1 22 36 68 36 28 16 11 41 1 10 5 24 15 63 16 19 7 42 24 9 29 73 3 4 26 3 31 26 47 31 39 4 4 7 6 69 7 6 29 16 17 6 7 28 4 25 0 36 15 19 6 56 16 15 67 9 29 2 23 5 86 8 37 8 8 2 8 42 65 6 4 69 18 37 34 18 65 14 31 65 2 15 33 2 18 8 4 10 25 5 2 1 6 58 50 3 43 2 36 4 44 36 9 
28 44 45 1 1 38 1 24 27 20 21 24 32 14 21 14 2 12 1 11 13 17 40 28 28 4 45 27 7 66 8 17 10 9 39 74 48 39 85 11 1 8 20 1 36 1 16 1 15 48 20 42 10 37 5 43 70 15 16 13 48 17 1 19 2 39 41 7 29 37 15 63 38 12 28 10 23 15 1 41 19 29 43 39 48 46 45 19 57 11 28 5 18 60 41 2 38 41 23 9 14 53 4 35 7 0 10 1 13 11 42 21 40 27 11 85 3 20 23 3 42 31 67 13 18 23 40 58 53 18 67 11 2 13 43 15 18 14 19 44 6 4 21 73 3 3 33 30 35 49 29 28 15 17 33 37 2 15 4 37 8 
39 8 13 36 28 50 1 31 7 15 20 20 9 14 90 25 1 34 14 15 20 6 10 23 32 15 49 13 19 21 1 43 53 30 14 13 13 12 25 23 14 21 8 5 21 34 21 44 22 20 72 10 6 36 31 9 24 24 73 36 11 18 11 33 28 5 35 2 16 30 68 24 16 19 1 15 14 1 25 10 8 30 2 11 19 58 18 28 17 21 15 16 52 35 27 49 16 18 3 15 12 36 17 31 64 14 0 6 61 36 35 19 60 5 3 5 11 13 37 18 29 1 32 8 39 2 31 23 3 14 63 22 6 72 51 7 50 13 35 1 1 5 54 21 34 1 54 67 13 41 64 1 3 51 44 20 65 29 40 15 3 
14 1 43 33 32 30 32 21 13 40 42 28 1 30 41 15 27 18 60 4 22 19 33 55 21 3 28 34 14 41 1 23 10 48 18 36 1 31 40 6 5 16 4 47 4 41 10 101 30 38 1 8 53 35 1 4 6 59 58 44 14 35 45 3 27 25 14 3 74 20 25 10 63 36 47 55 14 1 23 9 10 25 21 28 14 7 15 32 1 9 10 40 14 39 1 14 47 15 77 23 44 33 1 34 52 2 12 0 35 27 26 31 64 76 16 47 28 38 14 29 1 96 63 41 33 14 22 12 20 1 48 49 35 70 19 28 1 60 25 12 29 38 29 30 19 13 5 9 1 79 2 3 5 68 19 7 41 2 58 30 47 
36 10 23 6 37 14 7 14 56 11 61 40 51 29 24 40 58 7 2 17 38 64 29 26 10 83 27 26 5 39 46 12 1 15 3 32 3 46 24 1 6 36 14 28 34 26 42 66 31 48 3 52 20 12 8 52 64 3 17 33 15 20 32 36 8 38 59 45 38 32 44 21 62 17 60 1 40 59 46 33 27 24 30 16 3 62 23 75 34 1 16 25 19 8 4 27 21 17 4 39 20 31 18 64 13 15 39 39 0 30 22 19 13 31 25 21 30 18 9 33 21 1 11 45 36 6 22 4 30 51 28 26 9 13 36 51 45 4 34 2 34 23 13 46 1 26 13 17 8 3 62 22 37 17 38 8 10 33 16 10 10 
40 42 8 71 29 22 16 26 4 60 23 1 28 15 4 30 32 10 41 1 20 1 39 11 58 16 16 44 12 29 35 10 41 15 12 2 48 27 35 1 17 28 34 4 32 3 25 51 44 61 23 20 24 19 35 38 2 15 5 11 9 1 62 39 26 16 8 6 19 5 9 38 18 11 23 8 45 41 8 3 16 16 3 1 9 20 18 5 5 18 3 20 18 1 51 23 11 8 5 26 15 30 20 47 31 8 45 21 25 0 37 46 16 25 13 42 1 5 23 5 23 84 4 29 46 14 43 43 10 38 10 8 1 34 12 2 27 3 35 22 7 16 27 29 35 36 24 39 11 44 6 6 23 10 32 3 9 7 35 2 6 
37 23 24 18 21 33 44 43 14 57 66 76 77 46 1 14 32 25 4 10 55 17 1 41 41 37 78 15 50 7 14 23 29 3 21 19 20 5 7 19 27 5 9 15 45 11 27 75 46 1 1 10 6 6 8 1 6 16 14 82 16 32 2 20 12 32 21 26 27 37 19 25 63 31 14 7 48 52 16 53 1 14 12 31 3 36 10 1 15 38 43 5 15 24 36 35 6 44 9 8 38 8 22 12 26 3 12 1 1 17 0 21 36 21 21 26 19 7 1 49 45 19 25 18 5 24 38 3 46 23 10 34 75 42 25 19 52 18 22 25 13 10 61 20 39 16 28 33 35 13 13 11 40 13 1 32 9 3 35 67 26 
97 3 30 46 38 8 14 14 7 36 20 29 37 17 61 38 36 19 39 27 5 6 5 1 35 1 6 76 26 24 18 2 14 6 26 33 39 28 26 41 14 23 31 56 1 3 24 33 1 10 8 62 47 19 15 19 26 18 4 5 17 47 35 43 8 39 21 68 39 34 12 28 28 74 26 2 37 33 12 23 5 16 7 43 11 8 32 12 57 3 4 31 15 1 13 2 21 22 45 3 3 30 32 38 36 29 27 8 25 35 14 0 1 5 41 24 1 43 33 3 20 6 14 2 43 11 36 5 26 18 28 29 39 10 36 40 25 27 15 28 63 26 5 40 39 2 48 35 1 12 4 42 20 13 52 12 9 30 51 34 35 
1 56 2 14 26 1 44 40 40 6 11 23 35 2 15 15 76 44 38 47 15 12 14 20 32 39 23 17 39 10 40 41 7 37 11 49 24 32 1 13 1 64 56 1 1 20 37 11 3 2 37 16 3 15 30 15 61 29 52 57 26 13 15 109 10 23 57 2 1 17 25 2 71 32 57 12 76 23 41 97 30 4 10 1 6 37 49 14 33 59 48 32 18 38 3 34 26 33 10 8 10 41 35 6 33 1 33 46 1 6 22 44 0 67 1 29 49 7 1 3 42 14 22 1 63 17 14 69 26 22 44 15 63 79 32 37 42 12 2 30 6 17 19 15 42 36 27 59 34 9 17 14 3 28 24 16 28 32 15 1 39 
36 4 30 21 15 28 44 27 10 26 87 23 50 13 88 67 6 51 13 1 29 31 57 61 26 25 49 40 30 11 12 9 78 12 11 20 100 15 15 76 9 9 39 49 1 2 29 6 1 3 17 8 35 23 23 41 62 23 8 59 60 50 7 61 40 30 22 14 48 66 23 2 62 1 21 8 2 19 13 8 38 15 19 12 45 35 16 30 26 60 21 5 36 4 33 9 3 33 29 6 5 5 6 30 3 68 7 56 58 3 23 53 18 0 19 30 27 79 26 26 58 15 50 3 16 53 1 5 5 32 27 9 46 19 82 54 16 56 3 7 19 66 11 12 43 27 11 10 13 1 18 10 17 52 12 66 22 9 12 1 52 
4 59 38 49 45 17 16 13 29 86 13 17 25 85 2 24 30 49 36 2 67 11 1 17 60 12 2 8 28 41 33 11 14 14 26 19 16 8 12 5 27 29 11 2 10 61 41 5 15 58 13 43 7 82 36 33 2 4 3 2 4 49 50 23 48 7 1 14 27 14 64 19 17 78 1 76 31 16 5 16 7 4 34 23 18 61 8 93 8 39 12 3 26 37 5 1 9 30 12 25 11 10 46 42 2 7 1 32 5 59 9 31 7 70 0 43 14 22 7 24 30 8 6 8 18 56 26 15 30 49 30 5 2 35 4 22 16 1 43 5 28 1 24 26 2 31 41 20 27 2 38 65 28 1 39 2 8 2 90 10 1 
12 53 25 29 56 22 20 26 24 60 26 46 18 20 43 64 63 18 37 25 1 15 35 36 8 56 29 7 43 47 66 78 7 42 16 5 9 6 1 48 15 32 9 45 72 16 42 41 23 19 1 16 3 27 6 60 21 11 38 15 9 53 14 9 31 14 18 16 33 1 5 65 44 38 39 19 12 19 21 9 80 3 26 9 4 20 7 14 12 6 34 20 115 54 32 54 15 11 20 33 21 27 39 3 6 13 26 21 29 12 48 1 4 69 24 0 3 8 10 10 9 31 1 11 51 43 31 6 34 30 26 50 8 26 53 22 2 46 9 5 1 2 51 9 35 71 49 6 64 46 3 31 27 4 22 27 17 40 48 21 29 
36 5 30 45 27 6 7 32 12 21 26 16 3 21 7 50 16 8 27 68 15 30 14 33 10 23 22 3 92 13 4 18 1 53 45 4 46 55 46 21 25 23 3 10 8 45 62 85 2 18 50 34 40 37 14 13 8 2 11 15 48 2 28 10 18 14 29 36 27 17 43 15 32 48 7 68 24 39 18 48 5 47 2 27 31 25 37 2 1 17 33 56 55 60 63 2 45 18 72 20 15 40 3 1 2 52 8 3 11 13 9 24 80 11 32 32 0 35 6 14 33 11 13 1 8 15 53 27 27 6 104 28 48 18 32 35 35 40 24 29 17 5 46 6 72 8 45 61 45 23 13 62 60 17 8 70 38 63 58 9 52 
43 32 10 36 45 62 27 41 37 2 22 38 49 66 13 39 20 14 15 53 1 76 75 12 2 6 1 41 11 26 11 35 25 8 16 16 39 8 36 18 46 13 2 24 37 43 37 71 33 15 12 71 2 7 8 37 60 5 19 8 17 37 12 2 23 16 26 43 11 18 16 40 36 35 23 44 21 8 7 49 7 38 4 54 29 20 52 71 62 89 44 36 18 23 49 4 71 33 69 4 3 15 42 3 7 6 25 6 10 4 18 9 8 46 25 3 69 0 21 13 17 29 8 50 48 37 44 43 27 53 10 6 9 5 41 25 6 63 66 58 31 64 1 42 12 36 38 10 14 14 9 1 11 64 19 24 29 12 53 4 27 
1 20 4 85 54 1 7 2 23 42 38 31 44 49 73 18 43 33 26 12 7 46 12 1 37 25 40 16 24 33 63 28 25 15 24 23 1 37 16 30 9 2 3 52 37 96 39 26 47 1 32 9 36 14 42 9 2 14 61 1 55 7 4 2 20 8 74 46 5 35 3 10 20 57 41 47 2 32 27 41 24 16 61 21 7 13 21 3 33 33 11 2 60 24 62 59 25 36 3 12 10 25 23 10 22 19 71 42 9 60 40 38 1 44 29 8 19 24 0 14 14 34 4 29 8 61 28 42 24 54 42 13 2 40 2 2 61 20 2 49 17 47 31 8 20 10 12 21 20 65 1 80 20 1 15 2 37 21 68 27 9 
31 1 20 13 35 9 31 6 33 32 24 18 43 2 15 4 3 12 18 13 4 20 35 2 12 19 13 36 37 33 44 39 44 34 16 7 12 25 2 33 39 10 13 1 42 58 14 52 42 22 13 22 4 1 32 42 14 9 19 9 47 35 65 39 3 27 10 26 41 44 8 61 56 20 62 55 4 11 27 20 60 20 21 6 19 21 14 10 23 28 8 65 25 22 29 25 27 8 45 16 40 22 30 85 42 47 2 14 26 54 52 12 15 4 9 4 60 2 63 0 36 35 57 28 62 46 6 19 44 30 19 57 6 23 37 11 9 24 21 27 17 17 1 43 5 17 5 2 21 82 53 20 15 69 1 7 21 12 47 92 29 
27 2 14 41 34 31 28 25 12 3 23 9 76 29 38 28 33 8 8 17 53 31 34 14 8 4 29 46 76 7 14 23 34 33 20 20 50 4 73 6 35 14 64 21 8 49 50 33 17 45 22 22 8 24 5 40 40 10 14 5 18 18 11 7 13 10 37 22 4 20 84 49 38 6 33 88 47 62 37 1 15 1 11 32 17 1 20 73 3 1 5 45 65 24 100 6 14 20 48 47 76 17 27 13 59 54 23 24 30 1 42 13 12 27 1 13 25 33 31 6 0 51 38 42 21 35 63 15 66 35 14 81 53 1 70 45 45 30 28 36 19 30 23 37 54 18 18 28 1 75 12 2 29 16 28 26 7 28 58 58 31 
9 51 12 16 17 17 1 41 55 19 13 10 16 27 39 18 15 55 27 47 60 26 27 34 13 9 12 5 23 42 35 3 27 73 65 22 37 15 53 37 34 37 22 31 46 33 22 3 59 28 13 30 6 50 6 78 32 55 53 14 22 56 2 27 44 1 9 1 32 5 3 29 16 37 7 5 43 1 46 53 2 57 25 39 43 22 1 14 31 39 26 36 10 18 29 3 53 34 62 40 42 20 33 54 28 45 37 47 4 9 50 40 27 1 2 19 39 27 21 21 16 0 26 38 23 9 5 3 18 16 23 61 16 51 6 80 30 40 17 31 53 52 68 43 111 43 11 1 16 30 11 15 2 5 42 31 36 63 2 6 37 
13 17 23 17 1 63 5 30 14 12 13 32 14 13 96 19 49 13 6 60 17 5 56 11 58 2 38 106 21 26 9 3 52 30 25 28 49 13 55 26 16 57 8 36 36 16 28 34 10 22 70 19 30 20 6 5 28 13 7 4 38 65 46 2 18 10 24 8 68 12 15 42 7 17 93 1 5 46 6 25 40 2 23 6 53 14 10 39 60 49 32 13 24 63 1 19 36 3 26 51 34 4 16 5 24 15 21 39 11 47 25 19 16 47 1 10 1 26 12 16 40 80 0 75 37 2 17 37 19 7 89 3 8 40 1 19 53 59 48 54 14 26 1 99 19 3 31 18 44 37 46 62 3 25 12 32 19 6 38 30 29 
27 1 32 28 17 50 38 49 24 2 10 53 4 75 65 2 9 54 1 9 53 9 17 27 10 4 28 8 55 3 56 41 21 14 15 21 37 3 9 26 16 32 56 1 54 7 82 25 42 21 7 17 26 14 3 66 35 21 39 67 12 16 29 38 52 15 33 39 20 56 27 41 36 45 78 24 12 26 8 60 18 9 29 20 50 6 35 35 36 34 16 70 20 10 37 3 10 1 4 35 46 25 2 47 4 21 27 4 3 14 21 33 44 7 31 1 31 25 48 8 7 8 24 0 27 32 5 18 21 52 49 37 32 11 13 1 16 46 36 37 30 15 17 9 44 24 25 70 30 41 25 3 3 7 10 22 58 26 4 12 9 
39 67 1 46 13 20 29 1 17 91 15 12 15 1 46 51 20 34 19 52 19 28 6 38 42 28 27 45 10 19 11 14 29 15 13 23 1 11 77 31 1 8 8 26 31 23 39 7 10 49 11 18 54 38 18 17 5 15 34 70 19 24 55 59 33 81 33 48 1 16 32 8 72 32 15 28 26 37 31 24 9 49 33 9 1 19 25 29 10 25 45 36 14 52 70 24 30 36 36 15 39 16 59 12 28 33 26 30 16 23 34 16 5 39 13 11 2 5 57 12 73 23 22 6 0 7 26 31 10 7 17 3 41 8 5 10 23 28 49 25 15 66 37 15 37 34 24 49 11 1 50 13 15 3 57 23 21 8 4 39 24 
44 10 10 15 39 24 20 21 21 26 42 9 34 63 19 17 30 14 2 26 14 23 21 26 1 3 20 28 7 25 61 35 38 10 4 41 15 11 7 65 58 13 59 49 44 51 37 4 29 27 25 17 49 4 16 24 4 15 48 37 8 12 46 15 35 11 46 53 16 5 49 24 1 8 70 36 7 22 2 39 16 8 72 4 28 38 15 20 17 134 16 65 5 15 10 16 52 54 4 1 13 17 81 11 7 49 23 50 12 32 13 25 7 16 4 3 8 25 57 30 32 11 40 2 1 0 21 1 25 29 84 34 45 29 15 32 58 13 31 11 1 62 9 16 5 21 23 23 13 18 37 25 18 57 42 12 11 7 22 55 42 
34 35 12 23 3 52 2 3 22 31 80 21 23 42 59 3 55 33 49 1 36 11 45 51 2 5 7 3 17 16 5 29 25 1 31 7 26 23 37 4 15 18 10 43 3 49 24 14 21 2 23 1 7 40 12 4 15 8 1 27 33 21 15 60 2 36 11 29 1 41 23 18 38 5 5 44 55 41 15 21 8 8 7 1 16 8 1 38 83 27 10 49 15 40 31 22 34 22 3 24 4 25 20 31 17 9 10 1 1 22 31 5 10 22 70 1 42 7 37 28 31 2 17 15 30 12 0 19 38 3 11 5 1 62 29 36 29 7 10 21 20 1 1 11 12 7 44 18 16 1 39 3 34 18 46 48 18 10 7 9 1 
52 2 23 34 94 39 39 33 44 1 2 30 11 58 2 36 41 3 24 11 36 24 32 30 37 9 8 21 35 57 21 53 26 46 18 61 13 24 5 6 1 8 5 1 11 19 34 6 40 37 1 51 31 21 9 12 38 8 7 7 64 29 29 11 8 95 52 41 18 14 45 12 38 1 9 26 12 9 9 4 11 40 48 16 24 25 47 11 18 6 54 46 9 11 60 4 15 20 40 18 7 28 25 25 12 89 27 18 42 37 17 5 11 110 11 55 3 27 28 35 5 4 57 2 21 22 22 0 29 59 44 37 23 66 26 19 45 29 5 19 42 56 40 16 13 25 17 3 6 38 21 41 54 10 7 47 13 36 27 25 6 
38 67 26 24 2 21 14 8 59 59 5 50 38 18 51 3 43 56 25 5 9 11 16 5 27 32 14 33 5 15 52 56 105 37 34 5 57 24 18 49 8 7 21 31 43 21 3 34 10 71 27 2 33 16 42 27 46 95 3 30 8 56 51 32 25 49 53 25 8 71 53 19 10 31 1 11 17 8 7 17 12 42 32 45 48 8 25 1 45 4 3 72 27 23 63 66 22 4 23 6 7 47 4 8 13 77 19 1 35 18 19 56 30 23 61 36 17 35 9 48 14 32 5 30 45 5 11 65 0 19 6 26 4 32 6 41 44 15 7 26 78 25 38 38 55 21 19 7 37 25 2 2 23 1 41 17 18 11 2 54 43 
6 38 32 40 39 12 12 1 34 18 24 29 32 52 63 22 7 62 2 20 11 87 83 3 20 12 11 41 20 33 27 9 16 44 38 9 1 1 2 22 7 53 2 5 52 11 43 26 27 36 53 15 47 49 2 20 17 8 15 41 16 13 34 19 22 8 35 12 20 20 27 39 65 23 23 62 23 9 44 46 1 54 1 32 35 27 46 29 16 9 61 15 64 26 30 33 1 1 51 26 12 9 85 68 33 15 46 2 27 39 7 34 22 46 58 24 59 56 5 1 39 17 1 21 25 31 6 10 11 0 30 1 19 35 4 5 91 29 16 48 42 23 45 45 32 18 12 30 5 9 34 19 61 29 1 11 14 4 20 29 11 
17 7 21 21 61 51 9 35 29 7 24 2 21 33 32 6 1 51 40 39 61 20 18 2 45 11 28 32 67 15 32 49 22 45 5 42 5 37 43 16 26 39 6 10 12 5 12 30 30 68 54 15 11 3 35 35 9 31 49 7 22 3 14 23 51 30 38 9 4 54 29 18 31 4 26 40 1 21 51 14 16 4 21 47 57 33 13 84 22 36 60 40 66 15 29 20 35 21 35 3 9 63 72 33 3 9 87 39 5 25 21 44 46 22 23 12 16 13 47 1 39 6 13 88 21 11 9 2 37 19 0 7 17 20 25 88 13 27 14 26 6 13 10 60 2 62 60 21 3 71 22 12 33 61 1 52 13 30 13 38 64 
59 23 56 43 24 49 21 6 37 12 55 8 14 41 20 6 70 48 2 38 51 29 8 25 10 10 55 40 34 2 46 10 23 26 16 5 12 18 43 19 13 13 39 42 14 15 4 23 19 72 50 16 37 48 4 5 38 51 21 1 20 4 43 2 21 35 9 31 31 32 20 1 40 74 4 25 48 87 60 27 54 4 43 16 12 44 32 23 41 26 57 3 36 17 29 55 32 10 15 75 35 12 2 51 94 17 4 14 15 56 23 1 13 13 2 8 28 20 33 37 32 70 20 58 18 61 1 40 22 9 36 0 8 23 23 8 10 6 1 12 11 20 5 9 22 14 1 21 26 1 8 54 48 17 28 27 6 37 29 23 6 
48 53 13 51 4 33 4 32 45 16 10 7 25 22 30 31 5 46 57 22 33 49 36 7 20 5 19 11 17 6 78 2 69 24 28 9 27 48 46 62 2 18 4 12 49 14 32 33 24 8 48 63 30 49 8 18 4 7 12 48 29 2 63 35 43 33 48 18 2 1 2 56 1 35 21 28 8 9 25 42 47 53 14 31 14 20 55 26 18 1 58 38 15 22 50 101 36 1 32 34 71 50 28 38 4 8 21 37 67 7 39 32 17 13 16 44 52 4 35 12 29 30 19 1 57 84 21 13 58 17 18 41 0 35 14 11 38 17 35 51 1 28 24 51 8 18 47 38 6 59 78 14 24 41 62 19 31 19 7 77 19 
19 30 63 59 22 30 20 30 81 4 4 6 8 1 47 15 15 37 2 29 24 3 8 16 36 2 42 21 40 10 80 34 30 23 23 6 68 11 34 44 2 60 1 1 14 11 13 16 27 19 29 7 67 55 27 31 31 1 19 11 3 44 10 32 62 6 65 33 19 7 25 23 15 10 49 25 43 1 39 20 11 9 16 17 59 42 3 1 61 4 75 3 31 36 12 23 4 49 43 27 37 28 19 1 5 5 14 50 11 15 2 46 53 4 79 1 1 29 2 40 46 67 25 9 47 63 22 61 16 54 14 69 77 0 17 44 5 22 5 31 43 68 17 7 31 4 14 59 8 56 30 41 35 52 1 1 12 15 35 4 18 
19 51 30 38 44 17 47 6 7 27 41 8 26 45 1 25 48 35 43 60 11 10 18 27 44 11 73 1 15 21 20 94 74 43 32 83 32 74 25 7 10 46 13 24 34 25 6 17 6 18 30 48 21 32 45 20 43 37 6 22 7 6 5 4 24 26 8 8 37 2 27 55 1 24 1 1 17 31 38 19 28 21 21 52 9 23 81 26 16 28 22 48 83 17 12 8 45 30 19 65 3 17 23 21 11 36 61 5 50 41 7 29 11 12 43 100 34 66 43 7 62 1 29 83 4 11 5 14 3 1 22 27 12 52 0 23 38 25 85 31 34 27 74 62 37 12 61 71 15 56 6 1 4 10 37 2 28 49 18 44 3 
87 12 5 8 32 9 44 19 7 36 7 70 40 32 36 14 12 47 24 2 16 22 1 11 7 39 8 21 46 39 22 3 8 44 64 13 19 75 15 6 42 29 20 50 24 20 49 41 17 29 7 32 28 1 70 41 4 4 27 4 4 5 48 10 23 34 30 11 81 7 60 26 15 62 1 3 9 44 36 7 35 73 1 6 30 21 56 14 12 66 44 29 2 63 21 20 27 11 25 20 28 23 1 3 20 11 34 5 16 24 1 23 11 48 9 24 33 6 35 3 18 34 3 41 13 3 49 33 14 82 40 79 29 60 39 0 29 2 16 7 25 57 25 25 40 41 23 11 15 47 1 13 58 23 30 26 29 10 12 25 5 
4 4 13 41 3 2 56 28 5 3 43 17 4 2 7 43 22 29 9 7 13 44 6 27 7 14 35 15 9 15 26 10 3 54 33 21 1 52 16 20 41 97 21 22 32 63 23 39 13 38 50 37 18 19 19 24 26 65 10 18 64 43 38 59 30 29 72 23 55 38 5 36 12 31 20 1 24 28 35 50 28 36 11 26 54 39 38 37 39 21 20 4 9 8 57 22 18 34 31 13 4 33 1 1 56 42 42 13 51 2 13 44 1 40 38 29 35 8 9 8 54 12 36 14 2 13 34 39 7 7 21 2 1 40 21 10 0 31 8 7 13 1 5 33 3 14 5 3 1 41 21 9 27 27 12 40 8 1 2 17 22 
21 70 26 26 19 3 51 19 23 42 35 29 32 66 13 16 18 1 1 55 22 7 10 17 9 15 7 67 62 42 46 16 1 62 8 14 53 23 14 90 51 50 14 3 21 15 75 51 18 2 1 8 40 20 7 8 3 31 46 26 64 16 7 35 8 16 2 3 30 14 10 32 42 25 24 3 4 1 24 45 64 23 55 22 56 25 9 66 37 6 59 37 9 31 74 33 1 6 42 39 45 41 20 37 7 28 25 23 13 10 24 5 25 15 21 25 10 36 52 31 15 11 27 6 6 23 12 1 33 31 12 37 7 1 34 13 16 0 65 24 2 13 20 9 10 1 12 26 7 41 21 57 28 44 10 27 31 18 10 4 20 
53 10 30 13 22 67 1 11 26 23 79 9 9 79 59 55 23 13 8 5 31 32 11 19 5 28 6 9 17 8 54 33 32 23 1 40 33 45 20 39 55 24 3 13 69 21 56 33 25 8 3 14 32 22 22 1 3 16 30 16 38 16 7 24 1 21 16 17 14 19 32 69 27 58 54 27 1 39 36 1 28 5 50 81 60 56 34 3 6 7 49 38 18 21 44 55 4 18 32 1 26 40 3 28 67 23 33 1 41 26 8 22 9 33 41 52 24 15 42 15 57 48 15 11 14 52 5 55 34 21 2 53 11 45 15 13 6 31 0 2 31 1 75 37 29 29 10 46 41 5 2 6 16 35 23 1 14 26 2 18 35 
27 1 5 1 19 8 32 44 28 11 12 2 46 24 32 76 2 24 11 1 24 42 38 32 3 29 8 1 19 26 39 11 6 1 18 20 1 23 67 44 50 9 23 9 17 65 8 6 18 21 8 2 8 17 5 24 29 69 36 9 20 6 13 22 63 34 4 5 65 42 3 15 37 11 21 16 18 31 8 3 17 24 41 13 14 13 51 17 21 50 51 11 51 9 2 36 22 18 9 19 20 11 20 3 20 15 3 64 2 4 1 80 13 3 17 34 26 72 36 41 68 46 27 17 3 1 34 69 22 48 6 14 3 56 11 22 47 1 20 0 16 55 4 6 22 55 19 33 23 9 32 31 9 6 84 4 39 24 10 39 46 
29 23 1 38 38 54 17 63 15 29 19 62 47 28 31 47 16 7 18 20 1 6 23 23 77 3 34 42 76 31 3 15 26 55 8 33 22 42 46 5 5 95 1 23 5 24 50 12 17 24 51 15 73 43 50 1 54 20 19 21 65 68 19 29 11 81 35 42 8 11 19 76 64 21 36 63 63 29 15 2 30 23 34 3 7 31 42 35 59 71 48 44 37 18 36 61 37 12 5 46 22 22 53 2 39 1 25 17 22 40 41 70 17 15 20 32 62 32 17 8 15 106 15 48 23 27 40 1 18 2 39 26 59 24 25 19 42 17 32 10 0 9 11 14 13 57 21 11 11 2 17 34 8 65 24 16 35 9 51 30 1 
15 25 6 62 22 7 42 72 20 15 10 1 51 8 36 2 9 27 23 19 31 12 46 25 22 41 1 38 33 26 11 46 48 21 1 41 85 10 50 1 5 15 59 22 22 17 2 4 10 28 8 15 8 33 1 56 26 28 66 35 15 11 1 2 1 27 6 18 97 35 5 31 3 23 32 35 43 12 28 11 24 25 54 49 7 25 52 5 71 5 32 2 19 12 9 1 1 4 1 13 78 20 24 36 1 47 1 32 7 55 43 11 37 53 7 40 30 59 63 32 6 12 33 17 62 13 24 10 71 68 54 56 23 13 37 30 38 10 7 53 2 0 11 40 4 20 56 32 91 63 36 39 16 16 7 3 45 4 21 21 10 
39 19 41 21 2 19 14 38 32 26 7 11 11 30 35 43 9 25 7 17 5 33 14 18 80 54 9 8 47 49 33 31 7 22 25 21 11 1 30 6 23 1 5 12 1 23 50 5 51 48 29 44 10 35 40 21 6 18 21 39 42 21 8 30 11 25 17 17 22 22 63 8 38 6 12 60 44 4 11 44 47 52 47 3 21 16 51 3 1 51 56 24 35 11 34 18 19 45 6 7 2 23 24 23 1 7 1 24 36 24 20 29 7 8 16 42 6 64 97 15 41 9 43 12 21 14 17 9 10 2 36 63 9 16 16 70 88 32 13 14 20 38 0 27 46 41 25 35 66 36 18 23 22 5 9 5 13 8 3 52 18 
9 20 3 2 41 28 31 32 44 3 14 64 50 16 65 1 33 6 14 37 42 36 3 17 18 27 12 1 43 36 51 34 15 26 7 4 44 3 56 29 8 38 4 18 51 4 6 12 1 33 23 49 19 13 1 12 59 9 17 43 14 47 77 3 5 25 2 65 28 66 7 23 44 17 19 47 7 12 6 3 19 30 38 42 72 60 2 13 19 10 28 27 16 28 14 65 56 40 26 41 69 45 25 29 38 37 31 6 48 12 8 31 15 41 37 4 22 37 23 2 37 52 28 11 23 6 49 36 25 29 3 35 70 47 40 40 2 14 9 56 17 18 2 0 1 50 19 6 23 4 8 16 86 54 63 1 12 17 9 46 23 
57 34 62 40 4 1 9 1 16 8 6 27 4 68 14 18 44 23 2 28 21 71 17 23 24 24 33 30 49 10 24 6 10 51 48 26 10 44 32 29 31 42 79 37 32 32 5 7 15 14 17 50 2 34 58 3 6 38 4 95 24 9 26 21 43 11 52 34 4 23 11 24 25 38 8 9 24 37 54 27 8 33 20 57 5 45 11 74 31 44 62 4 71 1 47 30 4 9 25 24 18 44 35 33 12 18 19 21 24 51 1 8 9 58 12 7 54 15 23 24 6 13 29 51 32 62 7 12 17 27 3 1 37 18 36 45 36 20 18 44 45 7 26 7 0 24 6 28 38 18 35 3 24 8 11 21 26 29 15 21 3 
27 23 42 40 5 14 4 45 2 14 15 63 14 16 37 21 1 4 29 35 21 1 12 10 14 37 25 12 18 31 6 47 9 2 30 18 65 18 1 27 21 27 31 14 51 5 11 48 3 4 69 12 13 52 18 13 12 2 9 40 3 34 37 7 10 48 14 33 39 8 26 1 15 35 43 1 15 24 51 42 39 15 13 8 15 1 3 53 28 25 2 29 16 3 27 19 4 12 32 4 19 53 22 37 29 10 22 32 29 5 35 4 15 27 39 41 19 3 41 31 1 36 16 32 13 12 25 6 22 14 27 23 8 32 4 50 33 21 9 38 16 24 10 38 25 0 2 10 43 26 42 1 64 34 21 14 6 36 39 56 13 
16 26 41 32 64 2 36 58 37 28 10 14 8 4 26 14 40 3 6 42 4 64 29 60 40 52 11 32 16 49 45 40 49 53 16 4 50 22 68 10 21 3 28 18 12 1 1 16 75 28 16 24 27 32 3 13 5 23 21 34 37 33 10 41 23 10 11 20 24 12 18 21 5 39 1 15 49 15 31 21 4 17 22 14 33 36 35 19 39 55 5 1 1 49 10 6 7 39 1 105 63 30 22 4 19 88 34 12 18 21 28 23 28 30 29 22 12 5 47 46 28 52 25 6 17 7 49 21 5 1 18 56 9 9 5 16 4 22 44 6 39 34 6 1 23 9 0 87 18 54 11 70 21 22 67 7 11 17 23 25 7 
15 29 41 13 15 37 29 3 15 35 66 39 28 47 38 20 38 58 10 53 16 1 35 1 11 50 48 45 14 54 5 1 26 35 3 14 1 24 50 24 45 21 43 12 18 2 26 53 14 19 8 22 5 11 42 20 18 41 33 2 16 19 78 65 41 59 20 1 51 13 15 35 15 20 19 1 26 1 7 45 19 32 10 46 15 39 5 23 6 30 35 13 69 53 23 19 30 5 1 8 47 21 51 37 30 13 39 14 1 3 33 29 41 8 37 11 54 14 1 53 6 15 29 36 19 1 25 38 43 49 37 48 3 12 12 37 20 28 23 58 18 45 9 57 39 18 21 0 17 1 11 39 11 37 14 23 55 21 52 53 48 
60 1 27 53 9 63 83 45 63 10 3 33 48 54 20 29 59 1 73 18 42 15 9 35 15 16 31 12 26 8 5 39 10 33 58 42 41 2 31 50 16 6 15 37 28 29 17 2 33 13 55 19 1 5 80 55 26 51 28 64 2 13 62 82 1 9 20 42 1 38 53 29 42 31 71 13 7 29 48 21 31 34 5 43 9 36 35 22 8 14 4 2 29 7 31 56 25 30 32 44 13 32 45 8 1 12 41 47 27 38 18 47 77 36 10 4 1 22 40 19 29 49 54 1 27 80 64 8 12 26 16 19 1 13 29 28 7 22 70 13 7 1 44 21 24 44 26 30 0 8 17 3 36 5 2 42 24 25 15 46 14 
22 5 18 23 42 7 8 39 1 72 71 29 26 6 29 21 46 43 54 16 6 28 13 33 30 11 9 24 34 6 15 57 35 12 67 32 18 29 16 51 17 5 45 43 18 17 75 1 10 12 6 22 52 8 3 16 13 21 7 52 25 11 44 8 59 65 52 36 24 58 17 19 10 1 2 47 24 6 48 24 28 18 10 67 39 21 21 8 12 5 7 5 14 51 19 9 12 19 3 6 28 4 62 5 17 2 34 2 10 23 37 14 71 1 13 34 27 20 31 23 21 1 31 5 22 3 57 4 53 24 49 13 54 20 31 2 46 20 48 23 4 19 1 15 9 80 18 15 1 0 33 53 66 42 29 21 35 48 4 15 54 
4 18 33 1 21 31 41 33 35 79 66 1 2 13 2 32 34 14 16 16 30 7 53 7 32 17 10 5 1 4 4 13 4 51 40 31 4 39 75 11 60 72 3 10 35 28 27 7 4 1 36 46 5 42 11 33 3 33 27 50 7 21 3 13 76 8 30 35 47 14 82 3 5 44 7 8 38 35 19 5 6 48 10 129 18 5 24 16 2 19 29 35 9 1 26 5 20 42 50 58 19 19 1 42 28 41 12 43 8 4 16 30 32 37 41 8 13 32 5 6 21 26 26 25 39 3 11 24 58 21 4 42 63 24 25 73 4 2 37 30 43 18 41 49 24 44 27 18 5 13 0 5 4 57 35 32 14 31 13 4 2 
1 12 18 2 4 14 29 56 6 5 18 44 1 45 39 11 1 24 19 42 37 64 26 49 21 5 27 3 16 13 52 19 37 32 40 12 4 8 52 10 44 11 10 19 32 38 28 8 56 11 2 29 28 48 50 69 18 1 6 10 25 8 1 21 49 31 19 37 9 18 9 7 56 3 20 40 5 28 36 32 43 21 29 3 22 44 9 60 20 8 7 48 32 51 51 62 26 33 13 53 38 24 1 36 47 44 20 38 51 16 34 51 33 54 3 20 1 36 46 27 25 5 63 57 22 9 48 57 26 34 46 35 29 28 26 15 3 71 16 35 47 20 4 105 57 7 31 18 20 11 75 0 3 2 30 59 11 21 25 27 4 
1 36 35 32 26 39 11 18 52 2 40 12 39 20 35 28 6 64 33 19 36 15 4 72 24 61 27 11 14 2 23 35 38 14 95 11 44 36 22 12 18 32 35 33 2 32 63 27 3 19 6 30 46 5 11 1 37 69 39 22 15 28 1 83 58 49 7 45 63 11 24 41 70 3 34 46 21 86 3 37 9 19 10 14 40 13 69 36 5 18 65 30 63 3 4 2 7 5 14 66 69 41 36 31 20 58 20 60 28 22 42 12 13 7 78 32 3 53 5 1 50 41 58 2 5 11 1 10 26 8 31 4 67 46 23 16 12 12 23 16 46 63 1 2 27 19 17 13 15 45 53 76 0 33 10 5 9 60 51 39 36 
10 18 7 13 42 13 10 29 48 6 26 18 19 38 27 57 17 38 10 5 26 25 8 21 7 79 28 25 21 1 25 10 36 14 30 6 18 48 51 9 24 39 4 14 10 45 81 18 20 72 39 88 13 1 5 59 21 56 23 8 20 12 47 54 12 34 6 28 16 76 53 4 4 21 46 58 39 84 4 4 35 39 41 10 39 54 43 29 5 19 22 29 55 28 58 29 9 30 9 18 21 13 17 52 13 34 15 1 12 30 3 30 21 32 1 70 26 55 17 32 97 38 8 10 46 30 45 51 14 30 22 9 11 18 31 22 83 1 16 56 12 23 34 9 31 1 12 31 12 30 52 61 37 0 14 18 60 3 12 27 7 
19 12 14 28 12 9 15 50 12 7 1 2 37 75 54 38 3 65 38 29 38 47 35 11 1 38 1 43 31 4 22 15 39 16 16 11 19 20 8 6 41 47 7 45 6 21 20 1 16 32 18 18 7 13 13 51 8 13 1 55 40 27 10 11 27 15 41 54 17 4 42 26 56 23 48 16 95 23 2 2 1 60 48 22 20 59 43 21 18 50 13 26 51 35 15 8 1 1 42 32 4 52 10 40 40 49 16 9 28 16 46 25 42 12 42 10 9 11 11 21 27 2 18 31 23 87 17 5 3 57 8 9 4 18 64 28 13 38 55 39 45 19 12 40 84 6 13 27 36 1 7 5 1 10 0 6 26 15 45 10 49 
36 3 25 30 45 16 16 1 49 8 10 32 27 49 51 27 42 76 10 50 6 31 28 29 3 7 7 12 77 21 9 51 69 48 21 32 43 50 1 46 38 32 29 30 4 30 2 61 13 17 34 39 42 56 91 17 33 33 23 8 29 7 2 33 27 34 15 31 4 20 48 30 29 29 16 46 20 32 19 24 61 69 14 43 10 20 1 8 65 41 35 14 9 31 23 74 39 19 30 21 13 54 39 11 20 18 22 26 1 8 33 8 24 16 7 10 84 44 18 22 28 22 4 10 39 21 18 1 13 8 14 26 3 6 31 1 57 47 3 3 24 38 40 30 34 2 17 18 36 10 5 39 3 39 36 0 7 24 4 9 48 
31 10 1 9 8 16 1 42 15 29 66 66 27 4 2 1 40 46 6 5 31 12 14 34 8 9 64 52 18 47 10 15 72 2 27 50 7 11 28 16 6 23 37 34 1 27 27 3 52 22 5 13 18 13 37 55 8 40 13 16 30 14 48 47 51 73 4 33 28 32 49 59 22 13 23 9 39 56 27 35 28 13 35 24 4 10 11 16 29 13 24 5 30 6 44 3 37 22 19 45 1 64 48 10 12 15 72 24 21 7 2 11 32 25 59 45 36 7 10 23 44 14 19 14 1 5 8 7 14 48 37 60 30 36 73 52 8 13 37 27 2 22 3 14 34 19 4 62 22 11 6 1 42 68 43 37 0 36 6 12 63 
17 9 40 5 28 8 16 10 52 7 42 19 39 1 12 55 45 17 5 55 87 4 22 8 15 26 95 3 5 22 36 8 54 3 19 38 35 62 7 5 48 52 61 18 34 4 7 10 59 34 50 5 8 55 26 3 6 20 8 18 17 14 4 22 45 13 24 48 3 30 49 28 13 60 40 45 1 38 11 33 33 28 69 79 8 27 32 1 16 44 21 3 14 32 25 28 8 3 20 12 3 23 47 35 11 44 22 15 1 11 40 52 37 48 58 39 29 36 3 13 6 3 4 7 14 3 7 27 8 46 1 19 50 24 12 9 11 37 47 16 63 59 28 1 2 24 8 66 24 10 20 43 35 47 33 6 30 0 35 21 9 
4 9 4 52 86 1 42 59 28 27 25 46 18 14 40 30 11 1 10 19 44 10 50 13 1 1 49 15 34 1 22 8 26 9 30 16 22 24 19 21 3 46 87 13 2 19 52 38 6 62 23 58 4 67 5 10 31 45 60 40 13 43 44 7 6 13 18 39 2 35 43 19 2 39 10 46 66 1 24 27 1 1 1 41 10 24 1 25 16 32 6 22 39 27 28 1 23 50 28 3 91 91 30 44 44 11 12 5 3 10 57 1 17 10 1 10 35 33 30 49 60 9 60 46 6 1 51 4 55 38 46 38 7 27 13 28 7 60 8 2 33 33 11 10 17 47 65 3 7 8 2 6 50 63 16 1 21 27 0 34 47 
39 17 25 46 6 50 17 13 1 16 64 34 38 9 1 31 26 3 21 15 16 17 14 51 3 52 7 36 5 19 19 21 55 43 22 25 10 24 54 22 11 56 13 10 26 5 2 5 48 10 53 36 31 29 80 8 48 2 2 11 20 34 9 21 12 13 49 18 7 51 45 22 23 37 56 6 17 15 18 27 19 12 1 2 17 28 14 18 40 22 3 8 20 60 14 20 9 20 42 32 8 30 11 1 15 62 88 40 30 57 10 14 27 24 20 16 20 72 83 20 1 31 10 3 68 48 31 15 30 63 1 5 3 43 2 7 42 16 39 10 5 1 19 60 64 23 36 1 12 16 35 13 26 2 18 81 70 41 26 0 67 
29 37 24 27 37 68 24 32 1 1 38 27 94 22 30 73 14 36 17 41 15 8 1 28 21 37 9 20 12 16 32 17 29 17 1 19 14 1 11 40 2 53 4 37 23 17 4 85 11 7 16 6 15 43 29 22 14 2 7 14 38 6 1 27 59 31 20 24 31 1 6 1 49 50 33 19 30 11 17 41 40 29 71 42 58 27 41 81 52 5 12 5 15 10 52 19 43 14 50 2 44 25 16 25 53 10 54 15 68 107 39 5 51 49 1 53 55 66 26 12 22 90 13 71 35 45 28 46 1 7 26 9 30 35 16 29 1 18 27 7 32 4 30 38 67 46 8 14 55 55 23 35 10 15 1 1 9 19 24 2 0 
