8 3
3 3 3 
0 26 40 34 39 46 9 46 2 43 14 33 33 29 3 20 30 
1 0 13 1 14 19 16 16 61 21 80 16 53 37 50 34 34 
6 13 0 33 33 61 10 43 60 70 26 6 81 27 9 4 68 
22 36 44 0 18 17 51 9 19 68 1 2 25 27 36 36 15 
17 31 1 56 0 33 31 43 18 18 9 32 5 30 22 19 10 
43 3 39 40 46 0 61 46 37 37 5 59 33 13 12 20 28 
14 88 44 41 8 3 0 50 11 83 69 21 12 15 2 1 8 
25 47 31 2 74 43 20 0 13 48 9 15 1 31 4 35 25 
67 15 18 43 68 32 73 18 0 9 48 30 42 15 55 12 3 
26 25 18 78 15 27 2 70 49 0 19 34 32 8 22 18 7 
29 22 27 32 11 58 10 37 40 30 0 9 12 12 106 27 43 
1 20 12 9 30 25 30 12 3 1 41 0 22 21 27 28 8 
16 4 19 19 21 18 25 11 5 16 18 4 0 60 22 49 37 
55 29 42 23 27 44 41 34 51 57 6 68 34 0 56 42 3 
1 31 49 38 65 5 21 22 58 12 30 16 39 37 0 10 61 
48 27 2 4 8 36 12 7 16 25 42 68 10 22 8 0 21 
2 11 27 39 15 1 14 2 19 63 1 14 25 11 34 41 0 
