11 3
2 3 3 
0 33 26 5 26 5 24 27 27 62 19 33 4 10 1 55 6 75 17 7 11 14 47 
1 0 50 20 18 17 10 22 1 18 10 4 27 1 20 11 15 65 34 26 2 41 57 
5 46 0 23 15 21 79 47 34 15 41 20 61 9 14 13 18 28 32 5 2 26 29 
65 42 29 0 60 37 47 4 22 49 27 26 8 7 51 31 37 7 20 57 29 9 46 
66 5 49 35 0 39 26 34 32 40 12 4 27 13 31 39 70 70 9 39 2 3 42 
51 12 7 13 15 0 60 83 21 7 7 19 61 26 25 34 45 20 7 9 20 1 16 
9 62 24 14 36 21 0 39 7 54 7 40 74 12 19 13 32 44 21 22 1 20 1 
47 2 21 42 27 26 30 0 65 22 23 35 39 25 35 44 16 66 37 28 7 39 18 
31 23 16 22 32 27 56 30 0 27 56 45 57 39 12 2 13 22 35 25 57 8 28 
2 1 35 31 16 1 13 63 81 0 27 6 24 6 60 20 15 15 25 1 56 44 49 
5 22 35 26 37 3 4 87 40 10 0 8 5 3 1 15 25 46 40 33 4 9 20 
7 15 1 54 27 32 8 40 28 3 54 0 41 1 58 9 57 37 9 66 10 8 54 
55 24 6 13 12 17 17 37 50 20 22 72 0 64 48 36 31 8 92 56 16 33 51 
36 16 6 44 21 2 20 76 29 5 41 34 96 0 76 31 32 60 33 54 23 43 45 
14 1 51 59 57 8 31 4 32 4 30 54 21 15 0 61 12 16 13 10 4 8 68 
10 24 18 15 43 18 7 9 5 46 12 39 26 63 85 0 10 57 8 5 21 42 47 
22 12 16 27 9 24 6 5 2 16 22 28 2 43 22 56 0 10 29 24 73 1 47 
13 28 20 22 52 21 1 42 51 7 16 52 20 4 47 22 39 0 22 23 69 42 10 
26 1 58 16 21 9 25 3 13 33 28 23 2 5 30 11 53 4 0 17 27 48 18 
29 10 2 10 13 32 56 20 37 28 16 1 73 22 5 9 52 81 39 0 42 53 37 
9 34 24 39 14 29 23 17 42 10 21 18 12 26 22 52 36 21 3 6 0 3 13 
20 36 2 10 18 35 1 9 49 20 3 36 3 1 54 25 20 38 31 5 24 0 26 
39 72 1 65 55 31 41 32 11 59 30 27 39 74 12 24 10 2 12 62 10 21 0 
