7 4
2 2 3 2 
0 1 36 27 1 51 2 40 36 2 16 43 30 50 6 
43 0 1 2 9 16 31 5 31 11 15 38 3 6 33 
1 27 0 10 40 11 8 1 53 34 4 36 14 9 19 
15 12 48 0 50 22 86 13 56 28 26 17 25 1 14 
5 11 1 35 0 9 17 7 18 24 8 7 4 14 2 
13 80 6 26 12 0 19 32 5 23 6 20 2 70 11 
58 8 1 1 14 16 0 57 58 36 46 8 21 6 57 
76 5 37 6 3 39 3 0 22 21 4 12 26 22 25 
48 24 29 26 9 14 2 25 0 22 28 65 1 1 15 
18 1 13 3 16 46 17 48 24 0 45 8 17 42 20 
25 28 9 12 23 62 46 34 8 8 0 31 12 28 21 
7 36 1 23 7 18 56 26 41 26 16 0 16 34 1 
34 1 47 8 4 27 40 9 15 13 4 71 0 15 70 
42 34 13 30 32 33 63 59 12 5 4 20 66 0 9 
51 4 8 18 47 13 17 47 70 21 5 16 19 4 0 
