10 4
3 3 2 3 
0 37 10 37 13 1 32 18 21 12 41 10 44 23 7 57 4 17 48 28 28 
25 0 14 49 42 9 21 51 18 16 29 8 65 58 39 24 45 7 20 8 9 
6 45 0 40 27 20 19 47 33 13 11 58 20 49 1 88 76 2 38 7 61 
45 34 85 0 39 2 14 35 1 10 5 8 102 18 50 1 27 85 45 17 35 
65 77 31 18 0 2 12 6 20 19 23 49 54 42 38 15 9 54 20 75 25 
9 12 28 26 9 0 28 29 2 15 26 15 5 31 10 31 28 62 14 29 24 
14 46 22 1 24 72 0 35 43 4 46 35 21 45 38 30 29 1 2 35 71 
51 74 28 13 20 51 22 0 17 2 44 10 5 24 28 1 22 27 14 9 2 
7 23 9 57 85 49 15 33 0 35 23 52 3 46 39 3 29 23 18 8 14 
34 34 17 5 59 2 6 26 24 0 24 3 18 42 1 6 53 44 22 16 4 
22 22 1 30 44 22 40 19 2 14 0 28 24 29 20 31 12 13 3 69 7 
16 61 1 8 31 10 4 20 22 15 2 0 100 8 65 24 14 62 24 16 25 
40 40 20 24 23 32 44 23 10 3 1 17 0 33 27 55 2 50 1 24 35 
8 13 22 79 55 15 1 7 51 11 1 15 47 0 12 8 13 2 24 42 3 
6 5 31 20 23 14 31 7 7 32 46 8 4 20 0 20 8 26 14 20 21 
21 41 50 37 41 10 28 28 5 65 24 10 6 12 23 0 19 4 16 63 51 
20 63 32 9 25 1 20 20 5 9 8 7 14 20 9 17 0 31 32 18 45 
35 16 50 68 37 29 21 35 38 2 88 20 23 10 39 39 25 0 58 25 20 
44 73 5 54 23 19 48 25 22 21 8 3 53 12 19 21 10 31 0 2 9 
5 13 25 1 9 5 50 1 1 20 4 17 53 8 8 54 2 80 79 0 6 
23 3 40 19 40 29 16 8 19 11 54 6 40 58 41 2 10 28 42 19 0 
