20 5
2 3 3 2 3 
0 16 31 39 56 6 39 28 15 61 45 44 24 8 25 27 10 36 12 24 68 27 72 6 41 18 14 34 14 69 23 23 35 1 5 17 34 12 85 14 31 
23 0 25 26 61 14 5 12 40 37 48 18 50 14 9 32 62 26 53 8 6 29 35 21 18 30 43 42 9 27 27 66 20 33 55 16 8 49 1 68 20 
14 79 0 36 16 19 17 30 16 33 10 29 26 16 5 20 14 8 10 43 35 9 78 14 15 48 63 9 9 1 48 22 33 5 26 13 8 5 40 8 38 
50 1 11 0 1 52 21 45 48 12 20 30 77 83 41 25 12 6 4 50 27 23 19 45 26 44 69 34 7 76 8 4 33 40 28 79 6 59 10 28 40 
20 1 70 37 0 23 2 1 34 15 35 16 3 37 41 38 46 64 17 59 55 9 44 28 8 5 5 16 7 22 10 7 10 24 17 44 6 2 31 36 14 
1 7 55 6 18 0 34 20 60 1 23 41 42 11 7 53 19 3 7 1 1 38 22 6 5 68 9 20 66 6 8 43 7 31 1 44 24 44 15 41 58 
14 33 72 37 41 78 0 30 56 37 26 1 19 55 20 15 17 7 55 1 22 7 49 39 2 11 45 22 4 14 4 4 55 8 58 49 23 2 48 25 24 
16 53 42 5 61 14 9 0 4 15 15 2 17 7 54 51 22 51 13 5 9 35 23 21 12 8 47 33 16 35 9 2 32 59 36 10 59 64 23 9 15 
43 16 61 56 29 39 68 19 0 10 17 24 27 58 61 57 33 14 14 18 43 62 20 1 30 1 45 26 17 37 36 90 30 6 14 74 23 12 1 11 4 
48 82 41 16 25 32 52 7 29 0 34 73 44 40 34 25 52 63 4 39 14 23 4 14 15 24 15 31 8 1 38 40 42 22 39 1 12 20 27 64 28 
9 19 17 27 1 20 62 13 26 26 0 70 43 3 17 47 14 60 11 15 43 48 43 53 22 18 41 15 22 66 60 4 24 4 1 9 17 26 25 21 20 
21 11 75 52 47 17 77 43 25 34 9 0 11 7 5 24 27 45 15 14 36 20 24 6 44 35 16 24 1 26 79 21 46 3 5 6 53 37 43 18 6 
6 2 31 9 9 51 27 15 10 20 1 18 0 55 15 3 39 10 50 31 6 58 9 39 9 39 19 26 3 14 31 15 11 21 25 3 72 17 58 26 25 
8 5 45 33 51 12 3 60 4 43 11 13 9 0 29 29 25 13 6 18 21 7 31 23 6 18 38 47 40 1 4 27 48 11 21 23 65 21 27 9 5 
49 57 31 4 19 54 23 62 7 11 4 12 10 9 0 21 17 18 36 65 18 12 1 39 79 35 20 33 7 35 42 44 34 23 46 76 6 21 23 43 9 
18 36 21 9 80 61 63 20 53 20 28 19 23 8 29 0 4 10 23 27 3 23 2 17 26 29 48 57 33 32 6 23 36 41 28 64 33 3 71 29 12 
3 14 27 6 17 24 5 43 71 51 28 13 22 35 19 13 0 20 3 9 34 15 80 21 52 1 31 44 24 18 9 14 2 8 35 26 5 6 14 28 12 
45 5 16 24 55 7 47 19 25 11 9 23 8 29 1 1 24 0 73 35 24 1 41 13 41 1 19 35 14 8 3 27 28 4 16 6 38 28 7 39 2 
59 60 27 32 27 7 3 12 37 30 12 36 16 31 38 29 8 42 0 36 36 11 8 16 16 9 33 9 25 17 52 41 1 23 2 42 21 52 8 12 16 
18 29 35 46 25 7 52 3 6 2 11 73 40 13 54 33 2 25 2 0 32 41 15 6 38 22 18 21 3 50 12 14 20 25 17 9 7 27 8 34 10 
16 47 57 17 9 4 30 67 19 41 54 53 54 38 4 18 10 23 14 36 0 29 13 26 7 46 49 2 42 11 25 32 29 50 37 17 16 1 22 12 27 
15 7 37 31 22 68 3 6 30 21 36 10 48 10 11 30 111 14 59 73 39 0 7 59 7 27 40 34 63 7 47 13 19 1 7 7 36 12 45 49 30 
31 4 39 15 66 21 49 42 42 20 7 29 14 10 19 1 2 11 46 4 15 4 0 1 24 27 14 16 54 39 34 8 27 31 15 18 9 25 9 31 11 
95 4 43 8 9 14 50 16 3 99 1 30 20 82 23 24 38 39 11 42 44 47 11 0 2 24 27 74 54 16 34 13 3 23 7 8 87 21 28 32 41 
12 8 8 19 8 30 18 3 71 42 9 29 28 42 19 1 24 58 76 40 16 32 7 33 0 30 12 8 21 10 46 31 10 36 26 37 26 7 33 57 23 
10 2 44 47 66 28 39 33 2 37 28 3 50 31 53 8 86 18 16 21 5 20 33 5 3 0 35 18 42 55 25 63 21 4 1 68 47 53 31 48 6 
19 2 27 1 5 47 27 2 19 77 29 43 48 44 2 15 39 30 16 2 45 4 22 8 31 42 0 29 32 23 17 22 53 31 2 39 19 53 1 36 20 
12 1 19 36 19 22 36 53 13 25 39 1 5 38 44 16 39 38 28 11 41 18 5 24 1 15 32 0 21 34 11 2 44 89 35 24 15 7 30 29 3 
9 9 8 45 28 17 4 41 42 28 33 21 24 28 16 39 4 34 17 34 5 76 16 45 13 8 48 36 0 65 24 47 16 36 12 56 48 41 18 11 13 
29 23 18 20 28 40 23 9 9 27 46 38 57 2 6 11 4 14 19 17 30 2 31 17 39 7 39 22 1 0 51 2 21 30 6 61 28 19 30 8 37 
29 26 31 29 52 22 8 11 11 13 1 38 9 48 43 36 27 7 52 10 12 34 21 51 4 15 51 15 11 58 0 36 13 30 47 6 52 15 65 24 21 
79 2 55 12 16 29 32 16 15 48 82 55 9 57 30 56 52 55 62 4 43 30 22 16 85 19 30 38 4 77 21 0 13 20 10 1 46 37 4 14 2 
10 17 48 10 31 28 35 21 19 7 58 6 6 57 6 5 55 12 16 33 9 52 18 2 9 73 96 34 8 15 1 14 0 24 35 11 43 53 23 44 47 
46 25 16 48 35 34 79 2 49 13 20 5 37 68 28 25 10 54 7 36 44 27 32 25 62 10 22 5 79 36 6 23 29 0 24 72 10 14 32 23 5 
8 38 33 22 24 22 2 34 32 12 51 5 32 7 14 1 62 31 63 5 36 50 6 1 7 57 6 4 21 15 30 7 30 22 0 11 7 32 11 8 7 
41 7 22 14 17 7 31 49 7 13 32 11 27 93 28 24 21 2 2 3 50 25 18 47 7 28 42 29 20 3 26 21 6 50 25 0 52 53 2 40 64 
42 9 1 8 15 3 43 15 14 21 11 60 16 31 17 113 3 46 29 5 43 4 64 13 4 2 30 26 27 39 8 53 33 45 8 20 0 46 24 7 10 
18 39 1 83 17 24 35 49 25 44 68 29 22 9 19 37 2 28 53 68 21 26 16 33 9 46 69 22 34 27 13 11 1 23 22 10 30 0 49 1 8 
23 19 22 58 32 53 4 15 7 14 36 29 11 67 1 7 37 30 5 52 7 31 58 39 47 35 33 52 54 46 36 25 1 8 1 1 39 39 0 9 40 
69 37 22 38 9 7 21 39 1 14 1 50 42 56 86 49 23 30 1 36 1 30 5 63 5 42 14 5 41 29 5 45 10 43 20 11 4 30 12 0 24 
16 39 42 19 1 34 18 11 71 46 33 16 15 37 41 3 75 20 9 63 53 57 5 12 6 28 41 23 25 4 72 22 5 90 1 28 1 64 22 1 0 
