11 5
5 3 2 4 5 
13 15 5 3 11 15 5 6 7 15 12 9 6 7 6 8 11 4 7 15 11 6 7 
15 8 9 6 11 15 11 7 9 10 9 7 3 4 5 11 10 7 3 5 6 4 9 
14 11 14 12 7 12 11 13 5 12 6 3 15 15 6 6 13 3 11 11 11 7 14 
12 15 15 6 13 8 7 8 15 14 8 6 6 15 11 4 7 3 7 9 9 11 4 
9 5 10 7 9 13 3 8 4 13 8 11 5 9 7 4 11 6 15 8 8 11 4 
8 6 13 12 6 5 11 7 5 15 3 3 5 8 12 5 15 15 14 8 3 15 3 
3 14 6 4 3 8 9 5 8 7 5 3 9 7 10 11 11 4 13 14 8 15 15 
8 5 7 15 13 6 3 12 10 10 7 7 11 13 8 10 7 6 15 3 14 8 12 
3 13 6 4 13 8 8 15 14 4 11 8 12 9 8 12 12 10 8 6 3 7 13 
5 8 13 6 13 14 9 3 13 15 14 7 12 14 11 8 7 9 11 10 7 7 4 
7 12 15 15 15 8 5 11 7 8 10 6 8 7 6 11 10 11 4 9 5 15 11 
4 14 5 13 13 11 7 11 6 7 10 11 11 7 4 13 12 8 5 13 7 6 10 
8 15 12 6 11 5 3 15 10 9 14 3 9 7 12 12 14 10 14 3 11 10 7 
8 4 12 13 7 9 10 15 12 8 5 10 15 8 5 5 11 10 3 8 8 10 11 
12 8 12 10 5 15 11 10 15 3 15 10 13 4 10 8 9 13 5 3 10 11 13 
13 11 9 6 8 7 7 8 13 15 14 12 3 12 6 4 6 5 13 15 12 6 11 
11 15 3 9 10 14 11 10 12 4 3 14 15 11 4 4 14 7 15 4 5 15 15 
7 15 4 6 3 3 3 8 8 14 13 15 4 12 14 8 6 13 6 7 8 5 6 
12 15 7 11 5 14 6 5 15 13 8 5 3 14 15 15 4 11 4 9 13 5 15 
7 5 4 8 4 3 4 9 15 9 12 12 6 10 11 7 9 4 12 15 15 6 3 
11 11 14 11 14 15 8 11 15 7 6 10 6 14 9 14 15 15 10 7 4 12 3 
13 5 9 3 11 7 13 10 15 7 14 15 9 10 3 3 10 9 15 12 14 7 15 
7 10 3 7 9 7 3 4 10 3 7 8 10 15 4 3 8 8 11 6 14 5 13 
