20 6
3 3 3 3 3 2 
0 31 20 44 27 11 65 13 11 19 5 8 38 36 51 60 4 21 9 1 31 55 41 62 26 1 33 27 34 19 13 38 3 19 1 4 6 26 32 43 49 
7 0 8 6 17 33 11 37 25 11 64 29 39 23 32 44 38 9 34 8 17 26 1 11 38 8 34 4 42 21 4 9 2 24 29 29 7 17 17 29 17 
29 49 0 13 10 5 14 65 17 33 30 29 30 4 53 18 52 13 20 8 31 52 65 36 8 33 40 40 26 11 34 8 20 1 1 23 25 17 37 23 17 
17 21 17 0 11 56 8 35 6 40 23 39 21 60 5 22 8 42 13 15 28 8 1 68 1 15 31 1 12 1 56 8 16 79 16 34 36 35 49 14 46 
39 1 6 22 0 24 44 96 55 53 15 47 8 41 2 47 9 20 25 6 55 38 27 78 28 51 4 48 54 46 13 6 12 41 11 8 13 6 23 33 37 
42 11 31 76 42 0 22 5 35 34 51 25 22 15 4 1 2 37 45 15 65 41 21 37 26 2 34 22 33 15 12 45 6 32 7 48 41 20 23 2 25 
6 59 41 27 21 21 0 1 75 19 28 25 28 33 27 4 45 3 16 12 27 11 28 72 58 14 30 38 11 39 66 22 51 26 3 18 1 12 12 11 34 
4 69 33 4 46 25 25 0 16 19 38 6 8 15 25 23 15 11 16 53 46 55 38 46 28 35 29 21 45 11 30 12 16 22 43 43 32 11 39 27 18 
42 4 23 2 19 50 3 28 0 57 5 10 2 22 57 31 45 11 10 6 17 8 20 25 41 37 61 58 5 11 117 11 31 39 30 35 31 3 24 12 19 
8 60 29 34 5 31 13 33 24 0 32 6 52 9 36 25 41 36 16 1 11 2 31 65 10 18 15 29 28 58 11 27 13 25 12 17 29 26 9 24 1 
20 1 26 3 48 12 1 43 13 46 0 4 8 24 67 12 6 34 7 32 24 37 8 36 10 34 53 12 31 16 41 60 19 38 10 32 12 34 16 17 34 
11 3 50 1 6 17 62 27 21 61 8 0 6 7 19 2 2 19 61 71 1 15 15 9 14 30 18 1 53 43 13 18 59 41 31 42 15 11 6 55 11 
55 28 5 29 50 66 6 18 10 56 1 38 0 39 48 11 10 7 14 6 28 2 53 18 33 26 1 5 61 57 41 28 61 37 38 5 2 70 43 22 43 
25 54 20 9 71 2 33 14 30 7 49 16 15 0 32 51 22 27 11 7 40 70 37 28 26 2 29 10 2 57 7 3 56 36 20 16 100 15 13 25 45 
31 36 12 36 28 1 1 15 5 35 33 48 34 40 0 69 8 45 25 23 13 13 42 31 95 30 34 60 8 34 35 26 18 9 40 8 26 3 18 12 12 
1 39 15 27 3 63 18 20 30 45 10 52 16 44 32 0 15 20 10 18 37 32 36 60 57 39 25 48 39 14 14 1 17 68 66 15 15 71 87 36 32 
21 32 40 13 47 38 13 48 6 83 1 9 55 44 34 19 0 41 59 38 31 8 32 62 27 58 4 25 20 15 15 26 12 29 22 37 26 17 2 12 61 
8 60 13 26 37 28 42 73 24 15 30 10 31 4 33 12 64 0 34 8 1 62 8 38 10 23 9 23 52 1 35 13 34 71 5 16 54 44 10 25 13 
21 3 16 24 59 7 31 55 20 53 1 36 5 7 4 1 5 11 0 63 12 57 1 42 52 17 16 13 63 36 16 21 9 10 32 9 31 25 49 39 8 
6 6 63 45 3 61 14 30 48 44 11 10 29 35 1 7 9 69 39 0 19 5 56 13 28 23 55 20 5 16 30 1 6 25 64 6 49 28 11 20 60 
8 54 6 85 31 14 20 19 32 13 27 56 1 39 62 14 28 9 23 16 0 1 18 27 15 38 28 37 34 22 1 1 22 18 48 24 38 34 9 42 18 
50 59 10 14 20 53 13 46 4 37 4 4 31 45 50 40 1 38 13 23 46 0 22 10 38 26 34 1 66 1 38 58 26 11 51 30 21 10 49 7 56 
10 1 23 38 7 4 30 13 88 4 25 28 11 3 15 13 28 16 40 11 65 6 0 10 17 51 24 111 65 5 11 19 36 41 37 9 4 25 7 17 12 
10 19 31 34 39 53 8 17 39 40 3 38 14 10 44 51 15 45 21 35 24 48 29 0 22 53 43 32 5 15 5 17 13 39 17 37 2 50 43 24 25 
23 48 2 54 41 18 35 33 23 7 1 19 37 2 21 2 25 2 58 11 31 30 16 68 0 1 11 9 1 31 9 1 73 36 37 48 20 36 11 22 39 
16 15 30 13 48 27 33 16 47 11 12 30 17 4 12 25 37 5 68 63 40 23 35 30 22 0 34 5 3 42 18 73 7 16 30 26 38 47 39 43 42 
17 13 39 46 50 9 13 2 39 42 5 43 43 5 19 29 33 69 12 16 26 34 63 26 28 50 0 21 44 18 2 11 21 57 60 26 26 15 5 18 7 
39 43 5 32 1 12 8 31 45 65 30 21 43 1 40 55 9 30 5 30 8 22 16 21 23 43 16 0 18 27 14 47 10 3 14 35 30 31 22 63 23 
46 14 27 7 47 10 68 4 6 65 9 3 12 13 13 9 2 15 31 16 26 36 22 54 4 26 99 16 0 5 37 9 2 17 42 16 7 1 1 10 41 
57 4 6 1 16 41 53 1 23 42 22 98 16 68 48 56 20 12 24 7 20 2 49 1 16 28 51 10 37 0 1 23 8 39 20 5 1 37 42 48 85 
14 44 21 9 23 1 62 67 15 52 7 42 49 15 34 6 24 47 37 13 4 3 1 36 65 50 18 20 1 35 0 8 25 67 1 34 25 11 10 35 21 
29 43 10 20 28 26 36 15 37 10 22 65 38 18 6 20 36 32 42 78 27 16 43 29 13 10 12 53 25 26 1 0 40 6 13 26 27 24 13 28 2 
46 51 18 35 40 68 47 50 9 1 40 46 14 1 34 3 37 16 73 29 4 9 1 49 12 9 45 4 19 19 15 10 0 30 31 20 20 34 32 49 23 
14 47 11 23 21 11 22 5 11 33 28 38 20 18 20 17 10 9 61 42 66 47 37 17 1 2 19 91 21 7 39 45 13 0 54 24 35 18 47 14 61 
21 14 7 40 14 29 3 32 48 11 22 62 21 8 9 65 60 53 44 14 13 32 8 36 4 32 2 24 9 22 67 34 29 42 0 26 33 2 47 24 31 
58 32 14 2 26 8 57 33 13 13 41 9 51 9 32 1 22 71 43 43 21 3 62 17 40 14 29 5 20 36 2 14 20 39 37 0 27 29 71 29 24 
19 37 65 18 37 34 12 36 41 4 16 9 34 35 11 14 14 4 26 30 11 65 12 68 8 38 4 21 21 31 25 1 34 8 40 21 0 2 22 54 2 
8 67 75 2 16 7 41 43 30 17 32 13 1 6 12 15 11 4 3 50 3 73 3 33 16 35 5 25 33 8 25 17 18 14 45 19 5 0 16 2 8 
51 17 46 29 20 45 18 2 23 20 13 1 29 35 43 74 41 37 42 15 69 17 55 94 32 44 81 1 25 26 51 60 34 1 2 47 41 13 0 9 17 
16 1 5 4 20 34 3 6 31 55 15 12 5 2 24 5 24 18 22 28 18 41 11 57 17 39 6 18 9 25 10 21 38 72 1 41 9 28 56 0 9 
1 4 46 48 20 12 5 61 39 34 74 44 13 36 7 43 11 25 19 52 34 16 49 47 8 11 4 1 2 44 6 34 27 54 18 35 29 24 71 11 0 
