10 6
3 3 3 2 3 2 
0 28 32 14 3 14 48 53 12 88 10 13 28 32 39 15 10 36 26 22 16 
38 0 26 94 1 9 36 91 3 1 53 2 48 16 13 27 42 3 8 3 40 
76 65 0 42 36 42 78 17 19 60 4 29 29 31 2 10 12 67 2 20 24 
4 63 9 0 57 11 10 3 11 32 3 6 40 52 1 13 1 14 8 3 14 
2 7 4 4 0 47 10 4 18 11 9 3 2 14 30 43 36 27 35 5 30 
26 33 48 22 3 0 13 6 4 42 42 11 41 2 27 18 14 22 1 5 34 
10 16 5 5 63 29 0 2 19 47 32 102 43 64 8 22 11 15 14 53 1 
45 4 104 33 33 18 15 0 14 48 72 3 29 18 8 7 1 22 19 42 71 
1 34 19 22 33 43 77 26 0 28 58 3 9 36 78 3 37 34 20 59 21 
23 18 56 72 70 77 2 59 3 0 16 8 42 21 33 31 41 14 27 3 41 
14 37 11 22 7 33 17 27 29 13 0 8 10 40 12 108 1 1 37 16 3 
19 47 47 36 7 1 42 10 35 21 55 0 37 53 28 14 11 9 23 22 22 
13 2 17 7 8 14 1 40 20 43 19 87 0 6 7 20 5 15 35 59 75 
7 38 41 27 46 20 2 7 2 2 5 52 24 0 34 20 26 70 35 69 3 
9 30 19 20 22 23 7 28 1 44 79 19 25 21 0 20 11 4 2 26 62 
19 44 22 10 38 17 9 45 16 40 2 17 21 13 60 0 21 8 10 35 27 
33 30 6 1 6 20 45 2 21 35 19 23 34 44 1 27 0 59 2 17 75 
1 21 20 68 29 1 5 13 1 11 41 4 55 8 22 37 19 0 29 13 5 
54 23 31 12 14 49 33 19 21 117 18 23 11 17 14 19 10 17 0 55 22 
21 66 27 1 23 10 43 27 64 7 27 28 28 2 6 24 13 34 19 0 4 
79 24 41 31 6 20 66 37 7 41 32 8 22 8 8 27 39 11 36 36 0 
