11 8
4 4 5 3 2 5 4 2 
11 13 11 12 7 13 6 9 14 3 4 12 5 9 8 8 10 13 5 6 9 11 14 
8 15 11 11 5 11 10 4 13 10 7 13 10 3 9 11 3 6 8 15 10 8 3 
3 9 15 8 14 4 9 15 3 6 12 10 7 11 15 10 5 4 9 13 8 6 3 
5 11 12 11 15 14 14 3 6 7 15 8 3 10 4 9 13 6 3 11 3 8 8 
10 5 9 11 8 9 8 14 10 15 9 7 3 14 7 4 9 7 3 7 11 8 10 
7 11 5 4 7 15 6 14 11 4 3 11 7 13 6 11 8 5 8 3 10 8 3 
7 10 13 15 4 12 15 12 11 8 15 12 12 15 5 6 10 9 14 10 13 13 4 
5 12 3 11 5 10 3 10 14 11 8 13 15 10 12 5 10 6 9 10 9 9 6 
7 3 6 8 7 4 14 15 6 5 10 14 14 9 5 11 10 13 14 10 12 7 14 
13 8 9 6 15 14 12 15 8 15 13 15 12 15 10 8 5 4 7 13 7 10 9 
12 14 15 11 11 11 14 10 11 5 14 5 9 11 5 10 5 12 12 5 9 8 4 
14 15 13 12 5 9 11 8 12 12 15 11 14 9 11 9 4 15 15 13 12 3 15 
14 4 9 11 12 9 7 4 7 4 11 12 11 9 13 13 14 7 8 12 5 10 11 
8 12 5 14 13 5 3 4 4 6 12 6 14 9 10 6 3 5 15 11 6 13 10 
11 14 5 11 15 12 8 15 12 3 14 6 10 3 5 7 8 6 12 8 11 10 13 
13 11 10 3 6 3 8 11 11 15 6 8 13 8 3 14 10 11 9 9 14 12 3 
9 11 13 13 3 11 5 3 14 10 9 14 15 7 4 13 8 14 8 7 14 3 6 
12 15 8 5 8 15 3 6 5 9 3 9 4 6 13 8 8 15 11 8 13 8 5 
8 13 15 13 12 13 11 10 7 12 15 8 8 5 15 15 11 8 3 12 15 13 7 
15 6 8 15 6 3 4 5 7 7 7 7 12 9 14 10 12 6 3 13 6 10 12 
11 11 6 12 7 8 14 12 15 14 9 13 4 14 7 12 15 10 6 6 15 15 6 
8 14 7 7 5 8 7 13 9 13 7 8 14 14 6 7 4 3 7 11 8 9 14 
3 8 3 3 6 11 3 7 5 12 3 4 6 10 9 9 7 11 7 6 7 9 6 
