14 8
5 4 4 2 2 5 2 2 
9 13 6 11 6 13 14 3 6 15 13 3 13 11 4 5 5 15 4 10 4 15 15 8 7 13 14 11 3 
13 5 15 12 5 9 13 15 5 14 10 6 13 6 7 11 3 8 3 8 11 11 10 15 14 14 9 7 7 
6 6 11 3 11 4 8 15 14 11 12 9 9 15 11 6 14 14 9 12 9 14 8 8 15 11 9 10 3 
10 13 10 8 12 8 14 13 9 11 3 3 6 12 13 11 10 9 11 10 15 12 9 9 12 11 12 5 15 
4 4 15 7 4 7 5 10 9 11 8 3 5 5 4 11 11 13 8 10 3 15 12 13 13 8 10 7 10 
13 10 15 10 15 12 14 12 6 5 9 7 15 5 11 8 7 12 10 11 9 15 15 9 13 14 8 3 14 
3 12 14 5 11 7 3 15 11 4 10 13 6 14 5 14 8 5 11 12 15 9 3 4 7 3 6 12 7 
14 11 14 13 12 9 4 15 5 7 9 4 14 7 15 9 4 4 7 4 15 14 3 14 3 13 4 4 12 
6 12 8 13 4 11 11 14 6 3 14 8 13 5 8 13 15 11 15 12 13 5 11 8 13 9 15 4 4 
13 4 4 9 6 4 12 11 14 8 5 6 5 12 15 4 5 9 5 7 4 12 13 4 7 4 8 11 4 
14 3 10 6 3 10 8 15 12 14 15 3 5 10 9 12 15 9 14 5 12 6 3 8 9 5 10 8 5 
14 13 7 4 6 13 7 11 6 3 7 15 6 4 5 8 14 3 11 11 8 13 11 10 11 11 14 9 4 
12 6 5 10 15 4 7 7 10 7 14 13 11 10 8 10 12 7 6 5 10 11 3 9 8 3 9 3 3 
4 10 3 3 10 4 7 5 15 10 7 5 4 13 12 11 13 5 14 7 7 5 13 8 9 6 4 9 8 
4 6 3 7 14 7 14 7 13 12 12 4 10 8 15 4 3 6 13 4 13 9 6 12 12 4 8 9 10 
3 13 13 4 7 8 12 8 14 12 3 14 12 3 6 13 13 7 11 11 15 14 10 14 9 7 7 9 12 
10 5 6 14 7 13 14 7 11 4 6 15 15 13 7 7 15 4 6 8 11 9 15 6 14 11 14 12 8 
6 12 12 10 3 4 11 7 15 15 11 6 15 9 9 4 8 5 10 4 11 3 9 5 6 10 14 9 8 
8 6 6 12 10 11 14 14 10 11 15 11 7 13 3 7 12 5 9 11 5 12 6 11 9 9 12 8 10 
9 11 14 14 4 14 7 11 3 3 14 3 6 10 11 13 4 14 4 12 7 15 7 4 6 6 8 7 13 
7 15 3 15 6 13 3 9 15 15 9 12 12 12 6 8 5 3 12 11 7 5 11 7 13 12 11 14 7 
3 13 11 8 10 7 12 10 5 6 10 8 14 11 3 6 4 14 9 14 9 8 12 12 4 3 8 15 9 
14 10 4 13 8 3 3 5 9 12 5 13 10 3 5 15 9 8 6 13 8 10 14 7 9 9 10 12 11 
9 11 4 9 5 15 10 6 7 4 13 15 4 12 7 13 9 6 14 5 7 9 15 13 14 3 10 8 11 
15 14 8 4 11 6 12 13 12 13 12 13 12 10 4 12 14 5 11 6 9 9 5 12 13 8 6 10 14 
3 14 12 5 15 8 12 4 10 12 9 9 15 9 5 8 5 5 10 6 15 14 11 12 13 14 4 11 13 
13 4 15 3 6 12 7 13 12 3 15 15 6 14 4 5 12 7 12 12 7 13 7 4 3 10 6 15 13 
8 6 8 5 10 8 11 9 7 4 3 14 9 5 5 3 3 3 5 3 5 15 6 12 7 15 5 15 15 
9 9 8 13 11 13 3 15 12 8 3 10 4 13 10 11 12 14 7 8 6 5 4 4 5 13 13 11 11 
